1.856041666666666742e+03
1.856041666666666742e+03
1.856125000000000000e+03
1.856208333333333258e+03
1.856291666666666742e+03
1.856375000000000000e+03
1.856458333333333258e+03
1.856541666666666742e+03
1.856625000000000000e+03
1.856708333333333258e+03
1.856791666666666742e+03
1.856875000000000000e+03
1.856958333333333258e+03
1.857041666666666742e+03
1.857125000000000000e+03
1.857208333333333258e+03
1.857291666666666742e+03
1.857375000000000000e+03
1.857458333333333258e+03
1.857541666666666742e+03
1.857625000000000000e+03
1.857708333333333258e+03
1.857791666666666742e+03
1.857875000000000000e+03
1.857958333333333258e+03
1.858041666666666742e+03
1.858125000000000000e+03
1.858208333333333258e+03
1.858291666666666742e+03
1.858375000000000000e+03
1.858458333333333258e+03
1.858541666666666742e+03
1.858625000000000000e+03
1.858708333333333258e+03
1.858791666666666742e+03
1.858875000000000000e+03
1.858958333333333258e+03
1.859041666666666742e+03
1.859125000000000000e+03
1.859208333333333258e+03
1.859291666666666742e+03
1.859375000000000000e+03
1.859458333333333258e+03
1.859541666666666742e+03
1.859625000000000000e+03
1.859708333333333258e+03
1.859791666666666742e+03
1.859875000000000000e+03
1.859958333333333258e+03
1.860041666666666742e+03
1.860125000000000000e+03
1.860208333333333258e+03
1.860291666666666742e+03
1.860375000000000000e+03
1.860458333333333258e+03
1.860541666666666742e+03
1.860625000000000000e+03
1.860708333333333258e+03
1.860791666666666742e+03
1.860875000000000000e+03
1.860958333333333258e+03
1.861041666666666742e+03
1.861125000000000000e+03
1.861208333333333258e+03
1.861291666666666742e+03
1.861375000000000000e+03
1.861458333333333258e+03
1.861541666666666742e+03
1.861625000000000000e+03
1.861708333333333258e+03
1.861791666666666742e+03
1.861875000000000000e+03
1.861958333333333258e+03
1.862041666666666742e+03
1.862125000000000000e+03
1.862208333333333258e+03
1.862291666666666742e+03
1.862375000000000000e+03
1.862458333333333258e+03
1.862541666666666742e+03
1.862625000000000000e+03
1.862708333333333258e+03
1.862791666666666742e+03
1.862875000000000000e+03
1.862958333333333258e+03
1.863041666666666742e+03
1.863125000000000000e+03
1.863208333333333258e+03
1.863291666666666742e+03
1.863375000000000000e+03
1.863458333333333258e+03
1.863541666666666742e+03
1.863625000000000000e+03
1.863708333333333258e+03
1.863791666666666742e+03
1.863875000000000000e+03
1.863958333333333258e+03
1.864041666666666742e+03
1.864125000000000000e+03
1.864208333333333258e+03
1.864291666666666742e+03
1.864375000000000000e+03
1.864458333333333258e+03
1.864541666666666742e+03
1.864625000000000000e+03
1.864708333333333258e+03
1.864791666666666742e+03
1.864875000000000000e+03
1.864958333333333258e+03
1.865041666666666742e+03
1.865125000000000000e+03
1.865208333333333258e+03
1.865291666666666742e+03
1.865375000000000000e+03
1.865458333333333258e+03
1.865541666666666742e+03
1.865625000000000000e+03
1.865708333333333258e+03
1.865791666666666742e+03
1.865875000000000000e+03
1.865958333333333258e+03
1.866041666666666742e+03
1.866125000000000000e+03
1.866208333333333258e+03
1.866291666666666742e+03
1.866375000000000000e+03
1.866458333333333258e+03
1.866541666666666742e+03
1.866625000000000000e+03
1.866708333333333258e+03
1.866791666666666742e+03
1.866875000000000000e+03
1.866958333333333258e+03
1.867041666666666742e+03
1.867125000000000000e+03
1.867208333333333258e+03
1.867291666666666742e+03
1.867375000000000000e+03
1.867458333333333258e+03
1.867541666666666742e+03
1.867625000000000000e+03
1.867708333333333258e+03
1.867791666666666742e+03
1.867875000000000000e+03
1.867958333333333258e+03
1.868041666666666742e+03
1.868125000000000000e+03
1.868208333333333258e+03
1.868291666666666742e+03
1.868375000000000000e+03
1.868458333333333258e+03
1.868541666666666742e+03
1.868625000000000000e+03
1.868708333333333258e+03
1.868791666666666742e+03
1.868875000000000000e+03
1.868958333333333258e+03
1.869041666666666742e+03
1.869125000000000000e+03
1.869208333333333258e+03
1.869291666666666742e+03
1.869375000000000000e+03
1.869458333333333258e+03
1.869541666666666742e+03
1.869625000000000000e+03
1.869708333333333258e+03
1.869791666666666742e+03
1.869875000000000000e+03
1.869958333333333258e+03
1.870041666666666742e+03
1.870125000000000000e+03
1.870208333333333258e+03
1.870291666666666742e+03
1.870375000000000000e+03
1.870458333333333258e+03
1.870541666666666742e+03
1.870625000000000000e+03
1.870708333333333258e+03
1.870791666666666742e+03
1.870875000000000000e+03
1.870958333333333258e+03
1.871041666666666742e+03
1.871125000000000000e+03
1.871208333333333258e+03
1.871291666666666742e+03
1.871375000000000000e+03
1.871458333333333258e+03
1.871541666666666742e+03
1.871625000000000000e+03
1.871708333333333258e+03
1.871791666666666742e+03
1.871875000000000000e+03
1.871958333333333258e+03
1.872041666666666742e+03
1.872125000000000000e+03
1.872208333333333258e+03
1.872291666666666742e+03
1.872375000000000000e+03
1.872458333333333258e+03
1.872541666666666742e+03
1.872625000000000000e+03
1.872708333333333258e+03
1.872791666666666742e+03
1.872875000000000000e+03
1.872958333333333258e+03
1.873041666666666742e+03
1.873125000000000000e+03
1.873208333333333258e+03
1.873291666666666742e+03
1.873375000000000000e+03
1.873458333333333258e+03
1.873541666666666742e+03
1.873625000000000000e+03
1.873708333333333258e+03
1.873791666666666742e+03
1.873875000000000000e+03
1.873958333333333258e+03
1.874041666666666742e+03
1.874125000000000000e+03
1.874208333333333258e+03
1.874291666666666742e+03
1.874375000000000000e+03
1.874458333333333258e+03
1.874541666666666742e+03
1.874625000000000000e+03
1.874708333333333258e+03
1.874791666666666742e+03
1.874875000000000000e+03
1.874958333333333258e+03
1.875041666666666742e+03
1.875125000000000000e+03
1.875208333333333258e+03
1.875291666666666742e+03
1.875375000000000000e+03
1.875458333333333258e+03
1.875541666666666742e+03
1.875625000000000000e+03
1.875708333333333258e+03
1.875791666666666742e+03
1.875875000000000000e+03
1.875958333333333258e+03
1.876041666666666742e+03
1.876125000000000000e+03
1.876208333333333258e+03
1.876291666666666742e+03
1.876375000000000000e+03
1.876458333333333258e+03
1.876541666666666742e+03
1.876625000000000000e+03
1.876708333333333258e+03
1.876791666666666742e+03
1.876875000000000000e+03
1.876958333333333258e+03
1.877041666666666742e+03
1.877125000000000000e+03
1.877208333333333258e+03
1.877291666666666742e+03
1.877375000000000000e+03
1.877458333333333258e+03
1.877541666666666742e+03
1.877625000000000000e+03
1.877708333333333258e+03
1.877791666666666742e+03
1.877875000000000000e+03
1.877958333333333258e+03
1.878041666666666742e+03
1.878125000000000000e+03
1.878208333333333258e+03
1.878291666666666742e+03
1.878375000000000000e+03
1.878458333333333258e+03
1.878541666666666742e+03
1.878625000000000000e+03
1.878708333333333258e+03
1.878791666666666742e+03
1.878875000000000000e+03
1.878958333333333258e+03
1.879041666666666742e+03
1.879125000000000000e+03
1.879208333333333258e+03
1.879291666666666742e+03
1.879375000000000000e+03
1.879458333333333258e+03
1.879541666666666742e+03
1.879625000000000000e+03
1.879708333333333258e+03
1.879791666666666742e+03
1.879875000000000000e+03
1.879958333333333258e+03
1.880041666666666742e+03
1.880125000000000000e+03
1.880208333333333258e+03
1.880291666666666742e+03
1.880375000000000000e+03
1.880458333333333258e+03
1.880541666666666742e+03
1.880625000000000000e+03
1.880708333333333258e+03
1.880791666666666742e+03
1.880875000000000000e+03
1.880958333333333258e+03
1.881041666666666742e+03
1.881125000000000000e+03
1.881208333333333258e+03
1.881291666666666742e+03
1.881375000000000000e+03
1.881458333333333258e+03
1.881541666666666742e+03
1.881625000000000000e+03
1.881708333333333258e+03
1.881791666666666742e+03
1.881875000000000000e+03
1.881958333333333258e+03
1.882041666666666742e+03
1.882125000000000000e+03
1.882208333333333258e+03
1.882291666666666742e+03
1.882375000000000000e+03
1.882458333333333258e+03
1.882541666666666742e+03
1.882625000000000000e+03
1.882708333333333258e+03
1.882791666666666742e+03
1.882875000000000000e+03
1.882958333333333258e+03
1.883041666666666742e+03
1.883125000000000000e+03
1.883208333333333258e+03
1.883291666666666742e+03
1.883375000000000000e+03
1.883458333333333258e+03
1.883541666666666742e+03
1.883625000000000000e+03
1.883708333333333258e+03
1.883791666666666742e+03
1.883875000000000000e+03
1.883958333333333258e+03
1.884041666666666742e+03
1.884125000000000000e+03
1.884208333333333258e+03
1.884291666666666742e+03
1.884375000000000000e+03
1.884458333333333258e+03
1.884541666666666742e+03
1.884625000000000000e+03
1.884708333333333258e+03
1.884791666666666742e+03
1.884875000000000000e+03
1.884958333333333258e+03
1.885041666666666742e+03
1.885125000000000000e+03
1.885208333333333258e+03
1.885291666666666742e+03
1.885375000000000000e+03
1.885458333333333258e+03
1.885541666666666742e+03
1.885625000000000000e+03
1.885708333333333258e+03
1.885791666666666742e+03
1.885875000000000000e+03
1.885958333333333258e+03
1.886041666666666742e+03
1.886125000000000000e+03
1.886208333333333258e+03
1.886291666666666742e+03
1.886375000000000000e+03
1.886458333333333258e+03
1.886541666666666742e+03
1.886625000000000000e+03
1.886708333333333258e+03
1.886791666666666742e+03
1.886875000000000000e+03
1.886958333333333258e+03
1.887041666666666742e+03
1.887125000000000000e+03
1.887208333333333258e+03
1.887291666666666742e+03
1.887375000000000000e+03
1.887458333333333258e+03
1.887541666666666742e+03
1.887625000000000000e+03
1.887708333333333258e+03
1.887791666666666742e+03
1.887875000000000000e+03
1.887958333333333258e+03
1.888041666666666742e+03
1.888125000000000000e+03
1.888208333333333258e+03
1.888291666666666742e+03
1.888375000000000000e+03
1.888458333333333258e+03
1.888541666666666742e+03
1.888625000000000000e+03
1.888708333333333258e+03
1.888791666666666742e+03
1.888875000000000000e+03
1.888958333333333258e+03
1.889041666666666742e+03
1.889125000000000000e+03
1.889208333333333258e+03
1.889291666666666742e+03
1.889375000000000000e+03
1.889458333333333258e+03
1.889541666666666742e+03
1.889625000000000000e+03
1.889708333333333258e+03
1.889791666666666742e+03
1.889875000000000000e+03
1.889958333333333258e+03
1.890041666666666742e+03
1.890125000000000000e+03
1.890208333333333258e+03
1.890291666666666742e+03
1.890375000000000000e+03
1.890458333333333258e+03
1.890541666666666742e+03
1.890625000000000000e+03
1.890708333333333258e+03
1.890791666666666742e+03
1.890875000000000000e+03
1.890958333333333258e+03
1.891041666666666742e+03
1.891125000000000000e+03
1.891208333333333258e+03
1.891291666666666742e+03
1.891375000000000000e+03
1.891458333333333258e+03
1.891541666666666742e+03
1.891625000000000000e+03
1.891708333333333258e+03
1.891791666666666742e+03
1.891875000000000000e+03
1.891958333333333258e+03
1.892041666666666742e+03
1.892125000000000000e+03
1.892208333333333258e+03
1.892291666666666742e+03
1.892375000000000000e+03
1.892458333333333258e+03
1.892541666666666742e+03
1.892625000000000000e+03
1.892708333333333258e+03
1.892791666666666742e+03
1.892875000000000000e+03
1.892958333333333258e+03
1.893041666666666742e+03
1.893125000000000000e+03
1.893208333333333258e+03
1.893291666666666742e+03
1.893375000000000000e+03
1.893458333333333258e+03
1.893541666666666742e+03
1.893625000000000000e+03
1.893708333333333258e+03
1.893791666666666742e+03
1.893875000000000000e+03
1.893958333333333258e+03
1.894041666666666742e+03
1.894125000000000000e+03
1.894208333333333258e+03
1.894291666666666742e+03
1.894375000000000000e+03
1.894458333333333258e+03
1.894541666666666742e+03
1.894625000000000000e+03
1.894708333333333258e+03
1.894791666666666742e+03
1.894875000000000000e+03
1.894958333333333258e+03
1.895041666666666742e+03
1.895125000000000000e+03
1.895208333333333258e+03
1.895291666666666742e+03
1.895375000000000000e+03
1.895458333333333258e+03
1.895541666666666742e+03
1.895625000000000000e+03
1.895708333333333258e+03
1.895791666666666742e+03
1.895875000000000000e+03
1.895958333333333258e+03
1.896041666666666742e+03
1.896125000000000000e+03
1.896208333333333258e+03
1.896291666666666742e+03
1.896375000000000000e+03
1.896458333333333258e+03
1.896541666666666742e+03
1.896625000000000000e+03
1.896708333333333258e+03
1.896791666666666742e+03
1.896875000000000000e+03
1.896958333333333258e+03
1.897041666666666742e+03
1.897125000000000000e+03
1.897208333333333258e+03
1.897291666666666742e+03
1.897375000000000000e+03
1.897458333333333258e+03
1.897541666666666742e+03
1.897625000000000000e+03
1.897708333333333258e+03
1.897791666666666742e+03
1.897875000000000000e+03
1.897958333333333258e+03
1.898041666666666742e+03
1.898125000000000000e+03
1.898208333333333258e+03
1.898291666666666742e+03
1.898375000000000000e+03
1.898458333333333258e+03
1.898541666666666742e+03
1.898625000000000000e+03
1.898708333333333258e+03
1.898791666666666742e+03
1.898875000000000000e+03
1.898958333333333258e+03
1.899041666666666742e+03
1.899125000000000000e+03
1.899208333333333258e+03
1.899291666666666742e+03
1.899375000000000000e+03
1.899458333333333258e+03
1.899541666666666742e+03
1.899625000000000000e+03
1.899708333333333258e+03
1.899791666666666742e+03
1.899875000000000000e+03
1.899958333333333258e+03
1.900041666666666742e+03
1.900125000000000000e+03
1.900208333333333258e+03
1.900291666666666742e+03
1.900375000000000000e+03
1.900458333333333258e+03
1.900541666666666742e+03
1.900625000000000000e+03
1.900708333333333258e+03
1.900791666666666742e+03
1.900875000000000000e+03
1.900958333333333258e+03
1.901041666666666742e+03
1.901125000000000000e+03
1.901208333333333258e+03
1.901291666666666742e+03
1.901375000000000000e+03
1.901458333333333258e+03
1.901541666666666742e+03
1.901625000000000000e+03
1.901708333333333258e+03
1.901791666666666742e+03
1.901875000000000000e+03
1.901958333333333258e+03
1.902041666666666742e+03
1.902125000000000000e+03
1.902208333333333258e+03
1.902291666666666742e+03
1.902375000000000000e+03
1.902458333333333258e+03
1.902541666666666742e+03
1.902625000000000000e+03
1.902708333333333258e+03
1.902791666666666742e+03
1.902875000000000000e+03
1.902958333333333258e+03
1.903041666666666742e+03
1.903125000000000000e+03
1.903208333333333258e+03
1.903291666666666742e+03
1.903375000000000000e+03
1.903458333333333258e+03
1.903541666666666742e+03
1.903625000000000000e+03
1.903708333333333258e+03
1.903791666666666742e+03
1.903875000000000000e+03
1.903958333333333258e+03
1.904041666666666742e+03
1.904125000000000000e+03
1.904208333333333258e+03
1.904291666666666742e+03
1.904375000000000000e+03
1.904458333333333258e+03
1.904541666666666742e+03
1.904625000000000000e+03
1.904708333333333258e+03
1.904791666666666742e+03
1.904875000000000000e+03
1.904958333333333258e+03
1.905041666666666742e+03
1.905125000000000000e+03
1.905208333333333258e+03
1.905291666666666742e+03
1.905375000000000000e+03
1.905458333333333258e+03
1.905541666666666742e+03
1.905625000000000000e+03
1.905708333333333258e+03
1.905791666666666742e+03
1.905875000000000000e+03
1.905958333333333258e+03
1.906041666666666742e+03
1.906125000000000000e+03
1.906208333333333258e+03
1.906291666666666742e+03
1.906375000000000000e+03
1.906458333333333258e+03
1.906541666666666742e+03
1.906625000000000000e+03
1.906708333333333258e+03
1.906791666666666742e+03
1.906875000000000000e+03
1.906958333333333258e+03
1.907041666666666742e+03
1.907125000000000000e+03
1.907208333333333258e+03
1.907291666666666742e+03
1.907375000000000000e+03
1.907458333333333258e+03
1.907541666666666742e+03
1.907625000000000000e+03
1.907708333333333258e+03
1.907791666666666742e+03
1.907875000000000000e+03
1.907958333333333258e+03
1.908041666666666742e+03
1.908125000000000000e+03
1.908208333333333258e+03
1.908291666666666742e+03
1.908375000000000000e+03
1.908458333333333258e+03
1.908541666666666742e+03
1.908625000000000000e+03
1.908708333333333258e+03
1.908791666666666742e+03
1.908875000000000000e+03
1.908958333333333258e+03
1.909041666666666742e+03
1.909125000000000000e+03
1.909208333333333258e+03
1.909291666666666742e+03
1.909375000000000000e+03
1.909458333333333258e+03
1.909541666666666742e+03
1.909625000000000000e+03
1.909708333333333258e+03
1.909791666666666742e+03
1.909875000000000000e+03
1.909958333333333258e+03
1.910041666666666742e+03
1.910125000000000000e+03
1.910208333333333258e+03
1.910291666666666742e+03
1.910375000000000000e+03
1.910458333333333258e+03
1.910541666666666742e+03
1.910625000000000000e+03
1.910708333333333258e+03
1.910791666666666742e+03
1.910875000000000000e+03
1.910958333333333258e+03
1.911041666666666742e+03
1.911125000000000000e+03
1.911208333333333258e+03
1.911291666666666742e+03
1.911375000000000000e+03
1.911458333333333258e+03
1.911541666666666742e+03
1.911625000000000000e+03
1.911708333333333258e+03
1.911791666666666742e+03
1.911875000000000000e+03
1.911958333333333258e+03
1.912041666666666742e+03
1.912125000000000000e+03
1.912208333333333258e+03
1.912291666666666742e+03
1.912375000000000000e+03
1.912458333333333258e+03
1.912541666666666742e+03
1.912625000000000000e+03
1.912708333333333258e+03
1.912791666666666742e+03
1.912875000000000000e+03
1.912958333333333258e+03
1.913041666666666742e+03
1.913125000000000000e+03
1.913208333333333258e+03
1.913291666666666742e+03
1.913375000000000000e+03
1.913458333333333258e+03
1.913541666666666742e+03
1.913625000000000000e+03
1.913708333333333258e+03
1.913791666666666742e+03
1.913875000000000000e+03
1.913958333333333258e+03
1.914041666666666742e+03
1.914125000000000000e+03
1.914208333333333258e+03
1.914291666666666742e+03
1.914375000000000000e+03
1.914458333333333258e+03
1.914541666666666742e+03
1.914625000000000000e+03
1.914708333333333258e+03
1.914791666666666742e+03
1.914875000000000000e+03
1.914958333333333258e+03
1.915041666666666742e+03
1.915125000000000000e+03
1.915208333333333258e+03
1.915291666666666742e+03
1.915375000000000000e+03
1.915458333333333258e+03
1.915541666666666742e+03
1.915625000000000000e+03
1.915708333333333258e+03
1.915791666666666742e+03
1.915875000000000000e+03
1.915958333333333258e+03
1.916041666666666742e+03
1.916125000000000000e+03
1.916208333333333258e+03
1.916291666666666742e+03
1.916375000000000000e+03
1.916458333333333258e+03
1.916541666666666742e+03
1.916625000000000000e+03
1.916708333333333258e+03
1.916791666666666742e+03
1.916875000000000000e+03
1.916958333333333258e+03
1.917041666666666742e+03
1.917125000000000000e+03
1.917208333333333258e+03
1.917291666666666742e+03
1.917375000000000000e+03
1.917458333333333258e+03
1.917541666666666742e+03
1.917625000000000000e+03
1.917708333333333258e+03
1.917791666666666742e+03
1.917875000000000000e+03
1.917958333333333258e+03
1.918041666666666742e+03
1.918125000000000000e+03
1.918208333333333258e+03
1.918291666666666742e+03
1.918375000000000000e+03
1.918458333333333258e+03
1.918541666666666742e+03
1.918625000000000000e+03
1.918708333333333258e+03
1.918791666666666742e+03
1.918875000000000000e+03
1.918958333333333258e+03
1.919041666666666742e+03
1.919125000000000000e+03
1.919208333333333258e+03
1.919291666666666742e+03
1.919375000000000000e+03
1.919458333333333258e+03
1.919541666666666742e+03
1.919625000000000000e+03
1.919708333333333258e+03
1.919791666666666742e+03
1.919875000000000000e+03
1.919958333333333258e+03
1.920041666666666742e+03
1.920125000000000000e+03
1.920208333333333258e+03
1.920291666666666742e+03
1.920375000000000000e+03
1.920458333333333258e+03
1.920541666666666742e+03
1.920625000000000000e+03
1.920708333333333258e+03
1.920791666666666742e+03
1.920875000000000000e+03
1.920958333333333258e+03
1.921041666666666742e+03
1.921125000000000000e+03
1.921208333333333258e+03
1.921291666666666742e+03
1.921375000000000000e+03
1.921458333333333258e+03
1.921541666666666742e+03
1.921625000000000000e+03
1.921708333333333258e+03
1.921791666666666742e+03
1.921875000000000000e+03
1.921958333333333258e+03
1.922041666666666742e+03
1.922125000000000000e+03
1.922208333333333258e+03
1.922291666666666742e+03
1.922375000000000000e+03
1.922458333333333258e+03
1.922541666666666742e+03
1.922625000000000000e+03
1.922708333333333258e+03
1.922791666666666742e+03
1.922875000000000000e+03
1.922958333333333258e+03
1.923041666666666742e+03
1.923125000000000000e+03
1.923208333333333258e+03
1.923291666666666742e+03
1.923375000000000000e+03
1.923458333333333258e+03
1.923541666666666742e+03
1.923625000000000000e+03
1.923708333333333258e+03
1.923791666666666742e+03
1.923875000000000000e+03
1.923958333333333258e+03
1.924041666666666742e+03
1.924125000000000000e+03
1.924208333333333258e+03
1.924291666666666742e+03
1.924375000000000000e+03
1.924458333333333258e+03
1.924541666666666742e+03
1.924625000000000000e+03
1.924708333333333258e+03
1.924791666666666742e+03
1.924875000000000000e+03
1.924958333333333258e+03
1.925041666666666742e+03
1.925125000000000000e+03
1.925208333333333258e+03
1.925291666666666742e+03
1.925375000000000000e+03
1.925458333333333258e+03
1.925541666666666742e+03
1.925625000000000000e+03
1.925708333333333258e+03
1.925791666666666742e+03
1.925875000000000000e+03
1.925958333333333258e+03
1.926041666666666742e+03
1.926125000000000000e+03
1.926208333333333258e+03
1.926291666666666742e+03
1.926375000000000000e+03
1.926458333333333258e+03
1.926541666666666742e+03
1.926625000000000000e+03
1.926708333333333258e+03
1.926791666666666742e+03
1.926875000000000000e+03
1.926958333333333258e+03
1.927041666666666742e+03
1.927125000000000000e+03
1.927208333333333258e+03
1.927291666666666742e+03
1.927375000000000000e+03
1.927458333333333258e+03
1.927541666666666742e+03
1.927625000000000000e+03
1.927708333333333258e+03
1.927791666666666742e+03
1.927875000000000000e+03
1.927958333333333258e+03
1.928041666666666742e+03
1.928125000000000000e+03
1.928208333333333258e+03
1.928291666666666742e+03
1.928375000000000000e+03
1.928458333333333258e+03
1.928541666666666742e+03
1.928625000000000000e+03
1.928708333333333258e+03
1.928791666666666742e+03
1.928875000000000000e+03
1.928958333333333258e+03
1.929041666666666742e+03
1.929125000000000000e+03
1.929208333333333258e+03
1.929291666666666742e+03
1.929375000000000000e+03
1.929458333333333258e+03
1.929541666666666742e+03
1.929625000000000000e+03
1.929708333333333258e+03
1.929791666666666742e+03
1.929875000000000000e+03
1.929958333333333258e+03
1.930041666666666742e+03
1.930125000000000000e+03
1.930208333333333258e+03
1.930291666666666742e+03
1.930375000000000000e+03
1.930458333333333258e+03
1.930541666666666742e+03
1.930625000000000000e+03
1.930708333333333258e+03
1.930791666666666742e+03
1.930875000000000000e+03
1.930958333333333258e+03
1.931041666666666742e+03
1.931125000000000000e+03
1.931208333333333258e+03
1.931291666666666742e+03
1.931375000000000000e+03
1.931458333333333258e+03
1.931541666666666742e+03
1.931625000000000000e+03
1.931708333333333258e+03
1.931791666666666742e+03
1.931875000000000000e+03
1.931958333333333258e+03
1.932041666666666742e+03
1.932125000000000000e+03
1.932208333333333258e+03
1.932291666666666742e+03
1.932375000000000000e+03
1.932458333333333258e+03
1.932541666666666742e+03
1.932625000000000000e+03
1.932708333333333258e+03
1.932791666666666742e+03
1.932875000000000000e+03
1.932958333333333258e+03
1.933041666666666742e+03
1.933125000000000000e+03
1.933208333333333258e+03
1.933291666666666742e+03
1.933375000000000000e+03
1.933458333333333258e+03
1.933541666666666742e+03
1.933625000000000000e+03
1.933708333333333258e+03
1.933791666666666742e+03
1.933875000000000000e+03
1.933958333333333258e+03
1.934041666666666742e+03
1.934125000000000000e+03
1.934208333333333258e+03
1.934291666666666742e+03
1.934375000000000000e+03
1.934458333333333258e+03
1.934541666666666742e+03
1.934625000000000000e+03
1.934708333333333258e+03
1.934791666666666742e+03
1.934875000000000000e+03
1.934958333333333258e+03
1.935041666666666742e+03
1.935125000000000000e+03
1.935208333333333258e+03
1.935291666666666742e+03
1.935375000000000000e+03
1.935458333333333258e+03
1.935541666666666742e+03
1.935625000000000000e+03
1.935708333333333258e+03
1.935791666666666742e+03
1.935875000000000000e+03
1.935958333333333258e+03
1.936041666666666742e+03
1.936125000000000000e+03
1.936208333333333258e+03
1.936291666666666742e+03
1.936375000000000000e+03
1.936458333333333258e+03
1.936541666666666742e+03
1.936625000000000000e+03
1.936708333333333258e+03
1.936791666666666742e+03
1.936875000000000000e+03
1.936958333333333258e+03
1.937041666666666742e+03
1.937125000000000000e+03
1.937208333333333258e+03
1.937291666666666742e+03
1.937375000000000000e+03
1.937458333333333258e+03
1.937541666666666742e+03
1.937625000000000000e+03
1.937708333333333258e+03
1.937791666666666742e+03
1.937875000000000000e+03
1.937958333333333258e+03
1.938041666666666742e+03
1.938125000000000000e+03
1.938208333333333258e+03
1.938291666666666742e+03
1.938375000000000000e+03
1.938458333333333258e+03
1.938541666666666742e+03
1.938625000000000000e+03
1.938708333333333258e+03
1.938791666666666742e+03
1.938875000000000000e+03
1.938958333333333258e+03
1.939041666666666742e+03
1.939125000000000000e+03
1.939208333333333258e+03
1.939291666666666742e+03
1.939375000000000000e+03
1.939458333333333258e+03
1.939541666666666742e+03
1.939625000000000000e+03
1.939708333333333258e+03
1.939791666666666742e+03
1.939875000000000000e+03
1.939958333333333258e+03
1.940041666666666742e+03
1.940125000000000000e+03
1.940208333333333258e+03
1.940291666666666742e+03
1.940375000000000000e+03
1.940458333333333258e+03
1.940541666666666742e+03
1.940625000000000000e+03
1.940708333333333258e+03
1.940791666666666742e+03
1.940875000000000000e+03
1.940958333333333258e+03
1.941041666666666742e+03
1.941125000000000000e+03
1.941208333333333258e+03
1.941291666666666742e+03
1.941375000000000000e+03
1.941458333333333258e+03
1.941541666666666742e+03
1.941625000000000000e+03
1.941708333333333258e+03
1.941791666666666742e+03
1.941875000000000000e+03
1.941958333333333258e+03
1.942041666666666742e+03
1.942125000000000000e+03
1.942208333333333258e+03
1.942291666666666742e+03
1.942375000000000000e+03
1.942458333333333258e+03
1.942541666666666742e+03
1.942625000000000000e+03
1.942708333333333258e+03
1.942791666666666742e+03
1.942875000000000000e+03
1.942958333333333258e+03
1.943041666666666742e+03
1.943125000000000000e+03
1.943208333333333258e+03
1.943291666666666742e+03
1.943375000000000000e+03
1.943458333333333258e+03
1.943541666666666742e+03
1.943625000000000000e+03
1.943708333333333258e+03
1.943791666666666742e+03
1.943875000000000000e+03
1.943958333333333258e+03
1.944041666666666742e+03
1.944125000000000000e+03
1.944208333333333258e+03
1.944291666666666742e+03
1.944375000000000000e+03
1.944458333333333258e+03
1.944541666666666742e+03
1.944625000000000000e+03
1.944708333333333258e+03
1.944791666666666742e+03
1.944875000000000000e+03
1.944958333333333258e+03
1.945041666666666742e+03
1.945125000000000000e+03
1.945208333333333258e+03
1.945291666666666742e+03
1.945375000000000000e+03
1.945458333333333258e+03
1.945541666666666742e+03
1.945625000000000000e+03
1.945708333333333258e+03
1.945791666666666742e+03
1.945875000000000000e+03
1.945958333333333258e+03
1.946041666666666742e+03
1.946125000000000000e+03
1.946208333333333258e+03
1.946291666666666742e+03
1.946375000000000000e+03
1.946458333333333258e+03
1.946541666666666742e+03
1.946625000000000000e+03
1.946708333333333258e+03
1.946791666666666742e+03
1.946875000000000000e+03
1.946958333333333258e+03
1.947041666666666742e+03
1.947125000000000000e+03
1.947208333333333258e+03
1.947291666666666742e+03
1.947375000000000000e+03
1.947458333333333258e+03
1.947541666666666742e+03
1.947625000000000000e+03
1.947708333333333258e+03
1.947791666666666742e+03
1.947875000000000000e+03
1.947958333333333258e+03
1.948041666666666742e+03
1.948125000000000000e+03
1.948208333333333258e+03
1.948291666666666742e+03
1.948375000000000000e+03
1.948458333333333258e+03
1.948541666666666742e+03
1.948625000000000000e+03
1.948708333333333258e+03
1.948791666666666742e+03
1.948875000000000000e+03
1.948958333333333258e+03
1.949041666666666742e+03
1.949125000000000000e+03
1.949208333333333258e+03
1.949291666666666742e+03
1.949375000000000000e+03
1.949458333333333258e+03
1.949541666666666742e+03
1.949625000000000000e+03
1.949708333333333258e+03
1.949791666666666742e+03
1.949875000000000000e+03
1.949958333333333258e+03
1.950041666666666742e+03
1.950125000000000000e+03
1.950208333333333258e+03
1.950291666666666742e+03
1.950375000000000000e+03
1.950458333333333258e+03
1.950541666666666742e+03
1.950625000000000000e+03
1.950708333333333258e+03
1.950791666666666742e+03
1.950875000000000000e+03
1.950958333333333258e+03
1.951041666666666742e+03
1.951125000000000000e+03
1.951208333333333258e+03
1.951291666666666742e+03
1.951375000000000000e+03
1.951458333333333258e+03
1.951541666666666742e+03
1.951625000000000000e+03
1.951708333333333258e+03
1.951791666666666742e+03
1.951875000000000000e+03
1.951958333333333258e+03
1.952041666666666742e+03
1.952125000000000000e+03
1.952208333333333258e+03
1.952291666666666742e+03
1.952375000000000000e+03
1.952458333333333258e+03
1.952541666666666742e+03
1.952625000000000000e+03
1.952708333333333258e+03
1.952791666666666742e+03
1.952875000000000000e+03
1.952958333333333258e+03
1.953041666666666742e+03
1.953125000000000000e+03
1.953208333333333258e+03
1.953291666666666742e+03
1.953375000000000000e+03
1.953458333333333258e+03
1.953541666666666742e+03
1.953625000000000000e+03
1.953708333333333258e+03
1.953791666666666742e+03
1.953875000000000000e+03
1.953958333333333258e+03
1.954041666666666742e+03
1.954125000000000000e+03
1.954208333333333258e+03
1.954291666666666742e+03
1.954375000000000000e+03
1.954458333333333258e+03
1.954541666666666742e+03
1.954625000000000000e+03
1.954708333333333258e+03
1.954791666666666742e+03
1.954875000000000000e+03
1.954958333333333258e+03
1.955041666666666742e+03
1.955125000000000000e+03
1.955208333333333258e+03
1.955291666666666742e+03
1.955375000000000000e+03
1.955458333333333258e+03
1.955541666666666742e+03
1.955625000000000000e+03
1.955708333333333258e+03
1.955791666666666742e+03
1.955875000000000000e+03
1.955958333333333258e+03
1.956041666666666742e+03
1.956125000000000000e+03
1.956208333333333258e+03
1.956291666666666742e+03
1.956375000000000000e+03
1.956458333333333258e+03
1.956541666666666742e+03
1.956625000000000000e+03
1.956708333333333258e+03
1.956791666666666742e+03
1.956875000000000000e+03
1.956958333333333258e+03
1.957041666666666742e+03
1.957125000000000000e+03
1.957208333333333258e+03
1.957291666666666742e+03
1.957375000000000000e+03
1.957458333333333258e+03
1.957541666666666742e+03
1.957625000000000000e+03
1.957708333333333258e+03
1.957791666666666742e+03
1.957875000000000000e+03
1.957958333333333258e+03
1.958041666666666742e+03
1.958125000000000000e+03
1.958208333333333258e+03
1.958291666666666742e+03
1.958375000000000000e+03
1.958458333333333258e+03
1.958541666666666742e+03
1.958625000000000000e+03
1.958708333333333258e+03
1.958791666666666742e+03
1.958875000000000000e+03
1.958958333333333258e+03
1.959041666666666742e+03
1.959125000000000000e+03
1.959208333333333258e+03
1.959291666666666742e+03
1.959375000000000000e+03
1.959458333333333258e+03
1.959541666666666742e+03
1.959625000000000000e+03
1.959708333333333258e+03
1.959791666666666742e+03
1.959875000000000000e+03
1.959958333333333258e+03
1.960041666666666742e+03
1.960125000000000000e+03
1.960208333333333258e+03
1.960291666666666742e+03
1.960375000000000000e+03
1.960458333333333258e+03
1.960541666666666742e+03
1.960625000000000000e+03
1.960708333333333258e+03
1.960791666666666742e+03
1.960875000000000000e+03
1.960958333333333258e+03
1.961041666666666742e+03
1.961125000000000000e+03
1.961208333333333258e+03
1.961291666666666742e+03
1.961375000000000000e+03
1.961458333333333258e+03
1.961541666666666742e+03
1.961625000000000000e+03
1.961708333333333258e+03
1.961791666666666742e+03
1.961875000000000000e+03
1.961958333333333258e+03
1.962041666666666742e+03
1.962125000000000000e+03
1.962208333333333258e+03
1.962291666666666742e+03
1.962375000000000000e+03
1.962458333333333258e+03
1.962541666666666742e+03
1.962625000000000000e+03
1.962708333333333258e+03
1.962791666666666742e+03
1.962875000000000000e+03
1.962958333333333258e+03
1.963041666666666742e+03
1.963125000000000000e+03
1.963208333333333258e+03
1.963291666666666742e+03
1.963375000000000000e+03
1.963458333333333258e+03
1.963541666666666742e+03
1.963625000000000000e+03
1.963708333333333258e+03
1.963791666666666742e+03
1.963875000000000000e+03
1.963958333333333258e+03
1.964041666666666742e+03
1.964125000000000000e+03
1.964208333333333258e+03
1.964291666666666742e+03
1.964375000000000000e+03
1.964458333333333258e+03
1.964541666666666742e+03
1.964625000000000000e+03
1.964708333333333258e+03
1.964791666666666742e+03
1.964875000000000000e+03
1.964958333333333258e+03
1.965041666666666742e+03
1.965125000000000000e+03
1.965208333333333258e+03
1.965291666666666742e+03
1.965375000000000000e+03
1.965458333333333258e+03
1.965541666666666742e+03
1.965625000000000000e+03
1.965708333333333258e+03
1.965791666666666742e+03
1.965875000000000000e+03
1.965958333333333258e+03
1.966041666666666742e+03
1.966125000000000000e+03
1.966208333333333258e+03
1.966291666666666742e+03
1.966375000000000000e+03
1.966458333333333258e+03
1.966541666666666742e+03
1.966625000000000000e+03
1.966708333333333258e+03
1.966791666666666742e+03
1.966875000000000000e+03
1.966958333333333258e+03
1.967041666666666742e+03
1.967125000000000000e+03
1.967208333333333258e+03
1.967291666666666742e+03
1.967375000000000000e+03
1.967458333333333258e+03
1.967541666666666742e+03
1.967625000000000000e+03
1.967708333333333258e+03
1.967791666666666742e+03
1.967875000000000000e+03
1.967958333333333258e+03
1.968041666666666742e+03
1.968125000000000000e+03
1.968208333333333258e+03
1.968291666666666742e+03
1.968375000000000000e+03
1.968458333333333258e+03
1.968541666666666742e+03
1.968625000000000000e+03
1.968708333333333258e+03
1.968791666666666742e+03
1.968875000000000000e+03
1.968958333333333258e+03
1.969041666666666742e+03
1.969125000000000000e+03
1.969208333333333258e+03
1.969291666666666742e+03
1.969375000000000000e+03
1.969458333333333258e+03
1.969541666666666742e+03
1.969625000000000000e+03
1.969708333333333258e+03
1.969791666666666742e+03
1.969875000000000000e+03
1.969958333333333258e+03
1.970041666666666742e+03
1.970125000000000000e+03
1.970208333333333258e+03
1.970291666666666742e+03
1.970375000000000000e+03
1.970458333333333258e+03
1.970541666666666742e+03
1.970625000000000000e+03
1.970708333333333258e+03
1.970791666666666742e+03
1.970875000000000000e+03
1.970958333333333258e+03
1.971041666666666742e+03
1.971125000000000000e+03
1.971208333333333258e+03
1.971291666666666742e+03
1.971375000000000000e+03
1.971458333333333258e+03
1.971541666666666742e+03
1.971625000000000000e+03
1.971708333333333258e+03
1.971791666666666742e+03
1.971875000000000000e+03
1.971958333333333258e+03
1.972041666666666742e+03
1.972125000000000000e+03
1.972208333333333258e+03
1.972291666666666742e+03
1.972375000000000000e+03
1.972458333333333258e+03
1.972541666666666742e+03
1.972625000000000000e+03
1.972708333333333258e+03
1.972791666666666742e+03
1.972875000000000000e+03
1.972958333333333258e+03
1.973041666666666742e+03
1.973125000000000000e+03
1.973208333333333258e+03
1.973291666666666742e+03
1.973375000000000000e+03
1.973458333333333258e+03
1.973541666666666742e+03
1.973625000000000000e+03
1.973708333333333258e+03
1.973791666666666742e+03
1.973875000000000000e+03
1.973958333333333258e+03
1.974041666666666742e+03
1.974125000000000000e+03
1.974208333333333258e+03
1.974291666666666742e+03
1.974375000000000000e+03
1.974458333333333258e+03
1.974541666666666742e+03
1.974625000000000000e+03
1.974708333333333258e+03
1.974791666666666742e+03
1.974875000000000000e+03
1.974958333333333258e+03
1.975041666666666742e+03
1.975125000000000000e+03
1.975208333333333258e+03
1.975291666666666742e+03
1.975375000000000000e+03
1.975458333333333258e+03
1.975541666666666742e+03
1.975625000000000000e+03
1.975708333333333258e+03
1.975791666666666742e+03
1.975875000000000000e+03
1.975958333333333258e+03
1.976041666666666742e+03
1.976125000000000000e+03
1.976208333333333258e+03
1.976291666666666742e+03
1.976375000000000000e+03
1.976458333333333258e+03
1.976541666666666742e+03
1.976625000000000000e+03
1.976708333333333258e+03
1.976791666666666742e+03
1.976875000000000000e+03
1.976958333333333258e+03
1.977041666666666742e+03
1.977125000000000000e+03
1.977208333333333258e+03
1.977291666666666742e+03
1.977375000000000000e+03
1.977458333333333258e+03
1.977541666666666742e+03
1.977625000000000000e+03
1.977708333333333258e+03
1.977791666666666742e+03
1.977875000000000000e+03
1.977958333333333258e+03
1.978041666666666742e+03
1.978125000000000000e+03
1.978208333333333258e+03
1.978291666666666742e+03
1.978375000000000000e+03
1.978458333333333258e+03
1.978541666666666742e+03
1.978625000000000000e+03
1.978708333333333258e+03
1.978791666666666742e+03
1.978875000000000000e+03
1.978958333333333258e+03
1.979041666666666742e+03
1.979125000000000000e+03
1.979208333333333258e+03
1.979291666666666742e+03
1.979375000000000000e+03
1.979458333333333258e+03
1.979541666666666742e+03
1.979625000000000000e+03
1.979708333333333258e+03
1.979791666666666742e+03
1.979875000000000000e+03
1.979958333333333258e+03
1.980041666666666742e+03
1.980125000000000000e+03
1.980208333333333258e+03
1.980291666666666742e+03
1.980375000000000000e+03
1.980458333333333258e+03
1.980541666666666742e+03
1.980625000000000000e+03
1.980708333333333258e+03
1.980791666666666742e+03
1.980875000000000000e+03
1.980958333333333258e+03
1.981041666666666742e+03
1.981125000000000000e+03
1.981208333333333258e+03
1.981291666666666742e+03
1.981375000000000000e+03
1.981458333333333258e+03
1.981541666666666742e+03
1.981625000000000000e+03
1.981708333333333258e+03
1.981791666666666742e+03
1.981875000000000000e+03
1.981958333333333258e+03
1.982041666666666742e+03
1.982125000000000000e+03
1.982208333333333258e+03
1.982291666666666742e+03
1.982375000000000000e+03
1.982458333333333258e+03
1.982541666666666742e+03
1.982625000000000000e+03
1.982708333333333258e+03
1.982791666666666742e+03
1.982875000000000000e+03
1.982958333333333258e+03
1.983041666666666742e+03
1.983125000000000000e+03
1.983208333333333258e+03
1.983291666666666742e+03
1.983375000000000000e+03
1.983458333333333258e+03
1.983541666666666742e+03
1.983625000000000000e+03
1.983708333333333258e+03
1.983791666666666742e+03
1.983875000000000000e+03
1.983958333333333258e+03
1.984041666666666742e+03
1.984125000000000000e+03
1.984208333333333258e+03
1.984291666666666742e+03
1.984375000000000000e+03
1.984458333333333258e+03
1.984541666666666742e+03
1.984625000000000000e+03
1.984708333333333258e+03
1.984791666666666742e+03
1.984875000000000000e+03
1.984958333333333258e+03
1.985041666666666742e+03
1.985125000000000000e+03
1.985208333333333258e+03
1.985291666666666742e+03
1.985375000000000000e+03
1.985458333333333258e+03
1.985541666666666742e+03
1.985625000000000000e+03
1.985708333333333258e+03
1.985791666666666742e+03
1.985875000000000000e+03
1.985958333333333258e+03
1.986041666666666742e+03
1.986125000000000000e+03
1.986208333333333258e+03
1.986291666666666742e+03
1.986375000000000000e+03
1.986458333333333258e+03
1.986541666666666742e+03
1.986625000000000000e+03
1.986708333333333258e+03
1.986791666666666742e+03
1.986875000000000000e+03
1.986958333333333258e+03
1.987041666666666742e+03
1.987125000000000000e+03
1.987208333333333258e+03
1.987291666666666742e+03
1.987375000000000000e+03
1.987458333333333258e+03
1.987541666666666742e+03
1.987625000000000000e+03
1.987708333333333258e+03
1.987791666666666742e+03
1.987875000000000000e+03
1.987958333333333258e+03
1.988041666666666742e+03
1.988125000000000000e+03
1.988208333333333258e+03
1.988291666666666742e+03
1.988375000000000000e+03
1.988458333333333258e+03
1.988541666666666742e+03
1.988625000000000000e+03
1.988708333333333258e+03
1.988791666666666742e+03
1.988875000000000000e+03
1.988958333333333258e+03
1.989041666666666742e+03
1.989125000000000000e+03
1.989208333333333258e+03
1.989291666666666742e+03
1.989375000000000000e+03
1.989458333333333258e+03
1.989541666666666742e+03
1.989625000000000000e+03
1.989708333333333258e+03
1.989791666666666742e+03
1.989875000000000000e+03
1.989958333333333258e+03
1.990041666666666742e+03
1.990125000000000000e+03
1.990208333333333258e+03
1.990291666666666742e+03
1.990375000000000000e+03
1.990458333333333258e+03
1.990541666666666742e+03
1.990625000000000000e+03
1.990708333333333258e+03
1.990791666666666742e+03
1.990875000000000000e+03
1.990958333333333258e+03
1.991041666666666742e+03
1.991125000000000000e+03
1.991208333333333258e+03
1.991291666666666742e+03
1.991375000000000000e+03
1.991458333333333258e+03
1.991541666666666742e+03
1.991625000000000000e+03
1.991708333333333258e+03
1.991791666666666742e+03
1.991875000000000000e+03
1.991958333333333258e+03
1.992041666666666742e+03
1.992125000000000000e+03
1.992208333333333258e+03
1.992291666666666742e+03
1.992375000000000000e+03
1.992458333333333258e+03
1.992541666666666742e+03
1.992625000000000000e+03
1.992708333333333258e+03
1.992791666666666742e+03
1.992875000000000000e+03
1.992958333333333258e+03
1.993041666666666742e+03
1.993125000000000000e+03
1.993208333333333258e+03
1.993291666666666742e+03
1.993375000000000000e+03
1.993458333333333258e+03
1.993541666666666742e+03
1.993625000000000000e+03
1.993708333333333258e+03
1.993791666666666742e+03
1.993875000000000000e+03
1.993958333333333258e+03
1.994041666666666742e+03
1.994125000000000000e+03
1.994208333333333258e+03
1.994291666666666742e+03
1.994375000000000000e+03
1.994458333333333258e+03
1.994541666666666742e+03
1.994625000000000000e+03
1.994708333333333258e+03
1.994791666666666742e+03
1.994875000000000000e+03
1.994958333333333258e+03
1.995041666666666742e+03
1.995125000000000000e+03
1.995208333333333258e+03
1.995291666666666742e+03
1.995375000000000000e+03
1.995458333333333258e+03
1.995541666666666742e+03
1.995625000000000000e+03
1.995708333333333258e+03
1.995791666666666742e+03
1.995875000000000000e+03
1.995958333333333258e+03
1.996041666666666742e+03
1.996125000000000000e+03
1.996208333333333258e+03
1.996291666666666742e+03
1.996375000000000000e+03
1.996458333333333258e+03
1.996541666666666742e+03
1.996625000000000000e+03
1.996708333333333258e+03
1.996791666666666742e+03
1.996875000000000000e+03
1.996958333333333258e+03
1.997041666666666742e+03
1.997125000000000000e+03
1.997208333333333258e+03
1.997291666666666742e+03
1.997375000000000000e+03
1.997458333333333258e+03
1.997541666666666742e+03
1.997625000000000000e+03
1.997708333333333258e+03
1.997791666666666742e+03
1.997875000000000000e+03
1.997958333333333258e+03
1.998041666666666742e+03
1.998125000000000000e+03
1.998208333333333258e+03
1.998291666666666742e+03
1.998375000000000000e+03
1.998458333333333258e+03
1.998541666666666742e+03
1.998625000000000000e+03
1.998708333333333258e+03
1.998791666666666742e+03
1.998875000000000000e+03
1.998958333333333258e+03
1.999041666666666742e+03
1.999125000000000000e+03
1.999208333333333258e+03
1.999291666666666742e+03
1.999375000000000000e+03
1.999458333333333258e+03
1.999541666666666742e+03
1.999625000000000000e+03
1.999708333333333258e+03
1.999791666666666742e+03
1.999875000000000000e+03
1.999958333333333258e+03
2.000041666666666742e+03
2.000125000000000000e+03
2.000208333333333258e+03
2.000291666666666742e+03
2.000375000000000000e+03
2.000458333333333258e+03
2.000541666666666742e+03
2.000625000000000000e+03
2.000708333333333258e+03
2.000791666666666742e+03
2.000875000000000000e+03
2.000958333333333258e+03
2.001041666666666742e+03
2.001125000000000000e+03
2.001208333333333258e+03
2.001291666666666742e+03
2.001375000000000000e+03
2.001458333333333258e+03
2.001541666666666742e+03
2.001625000000000000e+03
2.001708333333333258e+03
2.001791666666666742e+03
2.001875000000000000e+03
2.001958333333333258e+03
2.002041666666666742e+03
2.002125000000000000e+03
2.002208333333333258e+03
2.002291666666666742e+03
2.002375000000000000e+03
2.002458333333333258e+03
2.002541666666666742e+03
2.002625000000000000e+03
2.002708333333333258e+03
2.002791666666666742e+03
2.002875000000000000e+03
2.002958333333333258e+03
2.003041666666666742e+03
2.003125000000000000e+03
2.003208333333333258e+03
2.003291666666666742e+03
2.003375000000000000e+03
2.003458333333333258e+03
2.003541666666666742e+03
2.003625000000000000e+03
2.003708333333333258e+03
2.003791666666666742e+03
2.003875000000000000e+03
2.003958333333333258e+03
2.004041666666666742e+03
2.004125000000000000e+03
2.004208333333333258e+03
2.004291666666666742e+03
2.004375000000000000e+03
2.004458333333333258e+03
2.004541666666666742e+03
2.004625000000000000e+03
2.004708333333333258e+03
2.004791666666666742e+03
2.004875000000000000e+03
2.004958333333333258e+03
2.005041666666666742e+03
2.005125000000000000e+03
2.005208333333333258e+03
2.005291666666666742e+03
2.005375000000000000e+03
2.005458333333333258e+03
2.005541666666666742e+03
2.005625000000000000e+03
2.005708333333333258e+03
2.005791666666666742e+03
2.005875000000000000e+03
2.005958333333333258e+03
2.006041666666666742e+03
2.006125000000000000e+03
2.006208333333333258e+03
2.006291666666666742e+03
2.006375000000000000e+03
2.006458333333333258e+03
2.006541666666666742e+03
2.006625000000000000e+03
2.006708333333333258e+03
2.006791666666666742e+03
2.006875000000000000e+03
2.006958333333333258e+03
2.007041666666666742e+03
2.007125000000000000e+03
2.007208333333333258e+03
2.007291666666666742e+03
2.007375000000000000e+03
2.007458333333333258e+03
2.007541666666666742e+03
2.007625000000000000e+03
2.007708333333333258e+03
2.007791666666666742e+03
2.007875000000000000e+03
2.007958333333333258e+03
2.008041666666666742e+03
2.008125000000000000e+03
2.008208333333333258e+03
2.008291666666666742e+03
2.008375000000000000e+03
2.008458333333333258e+03
2.008541666666666742e+03
2.008625000000000000e+03
2.008708333333333258e+03
2.008791666666666742e+03
2.008875000000000000e+03
2.008958333333333258e+03
2.009041666666666742e+03
2.009125000000000000e+03
2.009208333333333258e+03
2.009291666666666742e+03
2.009375000000000000e+03
2.009458333333333258e+03
2.009541666666666742e+03
2.009625000000000000e+03
2.009708333333333258e+03
2.009791666666666742e+03
2.009875000000000000e+03
2.009958333333333258e+03
2.010041666666666742e+03
2.010125000000000000e+03
2.010208333333333258e+03
2.010291666666666742e+03
2.010375000000000000e+03
2.010458333333333258e+03
2.010541666666666742e+03
2.010625000000000000e+03
2.010708333333333258e+03
2.010791666666666742e+03
2.010875000000000000e+03
2.010958333333333258e+03
2.011041666666666742e+03
2.011125000000000000e+03
2.011208333333333258e+03
2.011291666666666742e+03
2.011375000000000000e+03
2.011458333333333258e+03
2.011541666666666742e+03
2.011625000000000000e+03
2.011708333333333258e+03
2.011791666666666742e+03
2.011875000000000000e+03
2.011958333333333258e+03
2.012041666666666742e+03
2.012125000000000000e+03
2.012208333333333258e+03
2.012291666666666742e+03
2.012375000000000000e+03
2.012458333333333258e+03
2.012541666666666742e+03
2.012625000000000000e+03
2.012708333333333258e+03
2.012791666666666742e+03
2.012875000000000000e+03
2.012958333333333258e+03
2.013041666666666742e+03
2.013125000000000000e+03
2.013208333333333258e+03
2.013291666666666742e+03
2.013375000000000000e+03
2.013458333333333258e+03
2.013541666666666742e+03
2.013625000000000000e+03
2.013708333333333258e+03
2.013791666666666742e+03
2.013875000000000000e+03
2.013958333333333258e+03
2.014041666666666742e+03
2.014125000000000000e+03
2.014208333333333258e+03
2.014291666666666742e+03
2.014375000000000000e+03
2.014458333333333258e+03
2.014541666666666742e+03
2.014625000000000000e+03
2.014708333333333258e+03
2.014791666666666742e+03
2.014875000000000000e+03
2.014958333333333258e+03
2.015041666666666742e+03
2.015125000000000000e+03
2.015208333333333258e+03
2.015291666666666742e+03
2.015375000000000000e+03
2.015458333333333258e+03
2.015541666666666742e+03
2.015625000000000000e+03
2.015708333333333258e+03
2.015791666666666742e+03
2.015875000000000000e+03
2.015958333333333258e+03
2.016041666666666742e+03
2.016125000000000000e+03
2.016208333333333258e+03
2.016291666666666742e+03
2.016375000000000000e+03
2.016458333333333258e+03
2.016541666666666742e+03
2.016625000000000000e+03
2.016708333333333258e+03
2.016791666666666742e+03
2.016875000000000000e+03
2.016958333333333258e+03
2.017041666666666742e+03
2.017125000000000000e+03
2.017208333333333258e+03
2.017291666666666742e+03
2.017375000000000000e+03
2.017458333333333258e+03
2.017541666666666742e+03
2.017625000000000000e+03
2.017708333333333258e+03
2.017791666666666742e+03
2.017875000000000000e+03
2.017958333333333258e+03
2.018041666666666742e+03
2.018125000000000000e+03
2.018208333333333258e+03
2.018291666666666742e+03
2.018375000000000000e+03
2.018458333333333258e+03
2.018541666666666742e+03
2.018625000000000000e+03
2.018708333333333258e+03
2.018791666666666742e+03
2.018875000000000000e+03
2.018958333333333258e+03
2.019041666666666742e+03
2.019125000000000000e+03
2.019208333333333258e+03
2.019291666666666742e+03
2.019375000000000000e+03
2.019458333333333258e+03
2.019541666666666742e+03
2.019625000000000000e+03
2.019708333333333258e+03
2.019791666666666742e+03
2.019875000000000000e+03
2.019958333333333258e+03
2.020041666666666742e+03
2.020125000000000000e+03
2.020208333333333258e+03
2.020291666666666742e+03
2.020375000000000000e+03
2.020458333333333258e+03
2.020541666666666742e+03
2.020625000000000000e+03
2.020708333333333258e+03
2.020791666666666742e+03
2.020875000000000000e+03
2.020958333333333258e+03
2.021041666666666742e+03
2.021125000000000000e+03
2.021208333333333258e+03
2.021291666666666742e+03
2.021375000000000000e+03
2.021458333333333258e+03
2.021541666666666742e+03
2.021625000000000000e+03
2.021708333333333258e+03
2.021791666666666742e+03
2.021875000000000000e+03
2.021958333333333258e+03
2.022041666666666742e+03
2.022125000000000000e+03
2.022208333333333258e+03
2.022291666666666742e+03
2.022375000000000000e+03
2.022458333333333258e+03
2.022541666666666742e+03
2.022625000000000000e+03
2.022708333333333258e+03
2.022791666666666742e+03
2.022875000000000000e+03
2.022958333333333258e+03
2.023041666666666742e+03
