0.53708
1.6652
0.72169
-0.38594
-0.77567
-0.79618
-0.57055
0.24992
1.6037
1.0499
-0.24236
-0.75515
-0.8372
-0.67311
-0.016732
1.4191
1.4191
-0.037244
-0.67311
-0.8372
-0.73464
-0.28338
1.0704
1.7268
0.27043
-0.61157
-0.81669
-0.8372
-0.46799
0.66015
1.8909
0.68067
-0.4885
-0.81669
-0.85771
-0.63208
0.22941
1.7678
1.1729
-0.28338
-0.75515
-0.85771
-0.77567
-0.16031
1.3986
1.6857
0.044803
-0.69362
-0.87822
-0.8372
-0.46799
0.82425
2.0139
0.53708
-0.57055
-0.87822
-0.87822
-0.67311
0.24992
1.9319
1.1935
-0.34492
-0.81669
-0.91925
-0.79618
-0.26287
1.3986
1.8498
0.065314
-0.73464
-0.89874
-0.87822
-0.55004
0.66015
2.178
0.72169
-0.55004
-0.89874
-0.93976
-0.77567
-0.037244
1.8293
1.5832
-0.20134
-0.81669
-0.91925
-0.89874
-0.50901
0.94732
2.2396
0.45504
-0.6526
-0.91925
-0.93976
-0.75515
0.10634
2.055
1.5011
-0.3039
-0.85771
-0.93976
-0.89874
-0.4885
1.0499
2.3831
0.41401
-0.69362
-0.93976
-0.96027
-0.81669
0.0037793
2.1165
1.6447
-0.3039
-0.85771
-0.98078
-0.93976
-0.61157
0.78322
2.5677
0.68067
-0.6526
-0.93976
-0.98078
-0.87822
-0.28338
1.7473
2.1985
-0.037244
-0.8372
-1.0013
-0.98078
-0.79618
0.16787
2.5267
1.4806
-0.44748
-0.91925
-1.0013
-0.96027
-0.69362
0.68067
2.9164
0.82425
-0.67311
-0.98078
-1.0218
-0.96027
-0.61157
1.1114
2.9985
0.45504
-0.79618
-1.0013
-1.0423
-1.0218
-0.61157
1.2345
3.1831
0.35248
-0.81669
-1.0218
-1.0628
-1.0423
-0.79618
0.72169
3.5728
0.80374
-0.77567
-1.0423
-1.0628
-1.0833
-1.0423
-0.50901
2.3831
3.1831
-0.28338
-1.0013
-1.0833
-1.1244
-1.1449
-1.1654
-1.1449
-0.8372
0.92681
1.337
-0.098779
-0.61157
-0.6526
-0.38594
0.22941
0.78322
0.3935
-0.22185
-0.52953
-0.55004
-0.26287
0.31145
0.72169
0.33197
-0.24236
-0.52953
-0.50901
-0.22185
0.37299
0.7422
0.31145
-0.26287
-0.52953
-0.52953
-0.22185
0.43453
0.80374
0.33197
-0.28338
-0.57055
-0.55004
-0.22185
0.47555
0.84476
0.29094
-0.32441
-0.57055
-0.55004
-0.20134
0.51657
0.88578
0.27043
-0.34492
-0.61157
-0.59106
-0.22185
0.51657
0.94732
0.29094
-0.34492
-0.59106
-0.59106
-0.22185
0.5576
1.0089
0.33197
-0.38594
-0.63208
-0.61157
-0.26287
0.5576
1.0294
0.33197
-0.38594
-0.6526
-0.61157
-0.26287
0.57811
1.1114
0.3935
-0.38594
-0.6526
-0.6526
-0.3039
0.53708
1.1729
0.45504
-0.36543
-0.69362
-0.69362
-0.34492
0.49606
1.214
0.51657
-0.36543
-0.69362
-0.71413
-0.42697
0.41401
1.255
0.61913
-0.34492
-0.69362
-0.73464
-0.4885
0.33197
1.296
0.7422
-0.28338
-0.69362
-0.75515
-0.50901
0.24992
1.296
0.86527
-0.20134
-0.67311
-0.77567
-0.59106
0.085826
1.255
1.0294
-0.1398
-0.67311
-0.79618
-0.6526
-0.057756
1.1729
1.2345
-0.016732
-0.6526
-0.81669
-0.71413
-0.22185
1.0089
1.3986
0.16787
-0.59106
-0.81669
-0.75515
-0.34492
0.78322
1.5422
0.35248
-0.52953
-0.77567
-0.77567
-0.4885
0.53708
1.6242
0.63964
-0.44748
-0.79618
-0.8372
-0.61157
0.27043
1.5832
0.96783
-0.32441
-0.75515
-0.8372
-0.69362
-0.016732
1.4191
1.337
-0.098779
-0.73464
-0.85771
-0.77567
-0.26287
1.1114
1.6447
0.16787
-0.6526
-0.85771
-0.8372
-0.4885
0.68067
1.8498
0.57811
-0.52953
-0.8372
-0.85771
-0.6526
0.24992
1.7883
1.0704
-0.34492
-0.81669
-0.89874
-0.75515
-0.1398
1.4601
1.5832
-0.037244
-0.73464
-0.89874
-0.8372
-0.44748
0.90629
1.9729
0.41401
-0.61157
-0.87822
-0.89874
-0.6526
0.31145
1.9729
1.0704
-0.40645
-0.85771
-0.91925
-0.79618
-0.18083
1.4806
1.7473
-0.016732
-0.77567
-0.91925
-0.87822
-0.57055
0.7422
2.137
0.59862
-0.61157
-0.89874
-0.93976
-0.73464
0.044803
1.9114
1.4396
-0.28338
-0.8372
-0.96027
-0.87822
-0.46799
1.0909
2.1575
0.31145
-0.71413
-0.93976
-0.96027
-0.73464
0.16787
2.137
1.296
-0.40645
-0.87822
-0.96027
-0.89874
-0.44748
1.1935
2.2601
0.22941
-0.73464
-0.96027
-0.98078
-0.77567
0.10634
2.1985
1.4191
-0.40645
-0.89874
-0.98078
-0.93976
-0.55004
0.96783
2.5062
0.43453
-0.73464
-0.98078
-1.0013
-0.87822
-0.18083
1.9729
1.9524
-0.22185
-0.87822
-1.0013
-1.0013
-0.75515
0.35248
2.6498
1.1319
-0.57055
-0.96027
-1.0423
-0.98078
-0.61157
0.96783
2.8139
0.45504
-0.75515
-1.0218
-1.0423
-0.98078
-0.4885
1.5216
2.7113
0.085826
-0.85771
-1.0218
-1.0628
-0.96027
-0.46799
1.8088
2.7729
-0.037244
-0.89874
-1.0423
-1.0628
-1.0218
-0.63208
1.4806
3.2857
0.14736
-0.91925
-1.0628
-1.1039
-1.0833
-0.93976
0.12685
3.6344
1.5832
-0.71413
-1.0423
-1.1039
-1.1244
-1.1449
-1.1244
-0.71413
2.1575
3.5523
-0.18083
-0.98078
-1.0833
-1.0833
-1.0833
-0.85771
0.41401
2.8959
1.0089
-0.63208
-0.98078
-1.0218
-0.93976
-0.44748
1.3986
2.2396
0.065314
-0.81669
-1.0013
-1.0013
-0.75515
0.29094
2.3216
1.1114
-0.52953
-0.93976
-1.0013
-0.93976
-0.46799
1.2755
2.3011
0.14736
-0.79618
-1.0013
-1.0013
-0.81669
0.085826
2.2396
1.4601
-0.42697
-0.96027
-1.0423
-0.98078
-0.6526
0.82425
2.6293
0.57811
-0.71413
-1.0013
-1.0218
-0.93976
-0.38594
1.6652
2.3831
-0.057756
-0.87822
-1.0218
-1.0218
-0.89874
-0.078268
2.3626
1.8293
-0.38594
-0.93976
-1.0628
-1.0423
-0.85771
0.14736
2.7934
1.4396
-0.57055
-1.0013
-1.0628
-1.0833
-0.87822
0.12685
3.019
1.4601
-0.61157
-1.0218
-1.0833
-1.1039
-0.98078
-0.24236
2.7318
2.3011
-0.42697
-1.0013
-1.0833
-1.1039
-1.1039
-0.89874
0.53708
4.0036
0.96783
-0.8372
-1.0628
-1.1244
-1.1449
-1.1654
-1.1859
-1.1859
-1.0833
-0.75515
-1.0628
-1.1039
-1.0628
-0.89874
-0.55004
-0.057756
0.10634
-0.078268
-0.28338
-0.28338
-0.11929
0.085826
0.12685
-0.016732
-0.22185
-0.28338
-0.24236
-0.037244
0.14736
0.14736
0.0037793
-0.20134
-0.26287
-0.18083
0.0037793
0.18838
0.16787
-0.037244
-0.20134
-0.28338
-0.16031
0.024291
0.22941
0.16787
-0.037244
-0.24236
-0.28338
-0.1398
0.085826
0.24992
0.16787
-0.078268
-0.26287
-0.3039
-0.1398
0.10634
0.27043
0.14736
-0.11929
-0.28338
-0.28338
-0.098779
0.14736
0.29094
0.12685
-0.11929
-0.32441
-0.28338
-0.098779
0.2089
0.33197
0.12685
-0.18083
-0.3039
-0.28338
-0.037244
0.27043
0.35248
0.10634
-0.16031
-0.32441
-0.28338
-0.016732
0.31145
0.37299
0.085826
-0.22185
-0.34492
-0.26287
0.024291
0.37299
0.3935
0.065314
-0.26287
-0.34492
-0.26287
0.065314
0.41401
0.3935
0.024291
-0.28338
-0.36543
-0.24236
0.12685
0.49606
0.41401
0.0037793
-0.28338
-0.36543
-0.20134
0.16787
0.53708
0.41401
-0.016732
-0.34492
-0.38594
-0.20134
0.22941
0.57811
0.3935
-0.078268
-0.38594
-0.38594
-0.18083
0.27043
0.63964
0.37299
-0.098779
-0.38594
-0.40645
-0.16031
0.31145
0.70118
0.37299
-0.11929
-0.42697
-0.40645
-0.16031
0.3935
0.72169
0.33197
-0.20134
-0.46799
-0.44748
-0.16031
0.41401
0.76271
0.33197
-0.20134
-0.4885
-0.46799
-0.11929
0.47555
0.78322
0.29094
-0.26287
-0.52953
-0.46799
-0.1398
0.51657
0.82425
0.29094
-0.3039
-0.52953
-0.50901
-0.11929
0.5576
0.88578
0.24992
-0.34492
-0.55004
-0.50901
-0.1398
0.57811
0.88578
0.27043
-0.34492
-0.57055
-0.55004
-0.1398
0.63964
0.92681
0.24992
-0.38594
-0.59106
-0.55004
-0.11929
0.63964
0.98834
0.24992
-0.38594
-0.61157
-0.57055
-0.18083
0.68067
1.0499
0.29094
-0.38594
-0.63208
-0.59106
-0.18083
0.68067
1.0909
0.31145
-0.40645
-0.63208
-0.61157
-0.22185
0.66015
1.1935
0.37299
-0.38594
-0.6526
-0.63208
-0.28338
0.61913
1.2345
0.45504
-0.36543
-0.63208
-0.6526
-0.3039
0.57811
1.3165
0.53708
-0.34492
-0.67311
-0.67311
-0.38594
0.47555
1.3576
0.63964
-0.3039
-0.67311
-0.69362
-0.44748
0.37299
1.3781
0.80374
-0.26287
-0.67311
-0.73464
-0.50901
0.24992
1.3576
0.94732
-0.16031
-0.6526
-0.75515
-0.57055
0.10634
1.296
1.1524
-0.078268
-0.63208
-0.77567
-0.6526
-0.078268
1.1729
1.3576
0.085826
-0.61157
-0.77567
-0.67311
-0.22185
0.96783
1.5011
0.29094
-0.57055
-0.79618
-0.75515
-0.38594
0.72169
1.6447
0.49606
-0.4885
-0.79618
-0.79618
-0.50901
0.41401
1.6652
0.80374
-0.36543
-0.77567
-0.81669
-0.63208
0.14736
1.5422
1.1729
-0.22185
-0.73464
-0.85771
-0.71413
-0.16031
1.2755
1.5216
0.044803
-0.69362
-0.85771
-0.81669
-0.38594
0.90629
1.8088
0.3935
-0.57055
-0.85771
-0.8372
-0.57055
0.45504
1.8703
0.82425
-0.42697
-0.8372
-0.87822
-0.71413
0.044803
1.6447
1.3986
-0.16031
-0.77567
-0.87822
-0.79618
-0.32441
1.1524
1.8498
0.22941
-0.67311
-0.85771
-0.85771
-0.57055
0.57811
2.0344
0.78322
-0.4885
-0.8372
-0.89874
-0.71413
0.024291
1.7678
1.4806
-0.16031
-0.79618
-0.87822
-0.8372
-0.38594
1.0909
2.0755
0.33197
-0.6526
-0.89874
-0.89874
-0.6526
0.35248
2.1165
1.1114
-0.42697
-0.8372
-0.91925
-0.81669
-0.26287
1.4806
1.9729
0.044803
-0.73464
-0.91925
-0.89874
-0.61157
0.53708
2.3216
0.86527
-0.52953
-0.89874
-0.96027
-0.8372
-0.20134
1.6652
1.9319
-0.057756
-0.79618
-0.96027
-0.93976
-0.67311
0.5576
2.4447
0.88578
-0.55004
-0.91925
-0.98078
-0.85771
-0.3039
1.5627
2.178
0.024291
-0.81669
-0.98078
-0.96027
-0.75515
0.24992
2.4242
1.2755
-0.4885
-0.93976
-1.0013
-0.93976
-0.57055
1.0294
2.6293
0.41401
-0.75515
-0.98078
-1.0218
-0.91925
-0.3039
1.8703
2.2396
-0.1398
-0.85771
-0.98078
-1.0423
-0.87822
0.0037793
2.5062
1.7063
-0.44748
-0.96027
-1.0423
-1.0423
-0.8372
0.22941
2.8959
1.3576
-0.61157
-0.98078
-1.0423
-1.0628
-0.85771
0.2089
3.101
1.4601
-0.61157
-1.0013
-1.0628
-1.0628
-0.96027
-0.26287
2.7113
2.4447
-0.40645
-0.96027
-1.0423
-1.0833
-1.0833
-0.93976
0.22941
4.0036
1.4601
-0.73464
-1.0423
-1.0833
-1.0833
-1.1244
-1.1449
-1.1654
-1.0628
-0.81669
-0.96027
-1.0218
-0.96027
-0.81669
-0.59106
-0.36543
-0.057756
0.16787
0.2089
-0.016732
-0.24236
-0.28338
-0.18083
0.024291
0.2089
0.14736
-0.057756
-0.24236
-0.26287
-0.1398
0.10634
0.24992
0.14736
-0.057756
-0.26287
-0.26287
-0.11929
0.14736
0.27043
0.12685
-0.11929
-0.24236
-0.26287
-0.098779
0.16787
0.29094
0.10634
-0.11929
-0.28338
-0.24236
-0.057756
0.2089
0.31145
0.10634
-0.16031
-0.3039
-0.26287
-0.037244
0.24992
0.29094
0.085826
-0.20134
-0.32441
-0.26287
0.0037793
0.29094
0.33197
0.065314
-0.24236
-0.32441
-0.24236
0.024291
0.35248
0.35248
0.024291
-0.24236
-0.34492
-0.24236
0.085826
0.3935
0.35248
0.0037793
-0.26287
-0.36543
-0.22185
0.14736
0.45504
0.35248
-0.037244
-0.3039
-0.36543
-0.18083
0.18838
0.49606
0.35248
-0.078268
-0.34492
-0.36543
-0.16031
0.24992
0.53708
0.35248
-0.078268
-0.36543
-0.36543
-0.11929
0.29094
0.57811
0.33197
-0.11929
-0.38594
-0.36543
-0.098779
0.37299
0.61913
0.31145
-0.16031
-0.38594
-0.38594
-0.078268
0.43453
0.66015
0.29094
-0.18083
-0.42697
-0.36543
-0.057756
0.47555
0.70118
0.24992
-0.22185
-0.44748
-0.36543
-0.037244
0.53708
0.72169
0.2089
-0.26287
-0.4885
-0.40645
-0.016732
0.59862
0.76271
0.2089
-0.32441
-0.4885
-0.40645
-0.016732
0.61913
0.76271
0.16787
-0.34492
-0.50901
-0.44748
-0.016732
0.66015
0.80374
0.16787
-0.36543
-0.55004
-0.44748
-0.016732
0.72169
0.82425
0.14736
-0.38594
-0.59106
-0.4885
-0.016732
0.76271
0.84476
0.10634
-0.42697
-0.59106
-0.4885
-0.037244
0.78322
0.88578
0.10634
-0.44748
-0.63208
-0.50901
-0.016732
0.82425
0.94732
0.10634
-0.4885
-0.63208
-0.55004
-0.057756
0.82425
1.0089
0.12685
-0.4885
-0.6526
-0.57055
-0.078268
0.82425
1.0704
0.16787
-0.46799
-0.67311
-0.61157
-0.11929
0.82425
1.1524
0.22941
-0.46799
-0.67311
-0.61157
-0.18083
0.78322
1.2345
0.29094
-0.46799
-0.69362
-0.6526
-0.24236
0.72169
1.3165
0.3935
-0.42697
-0.67311
-0.67311
-0.32441
0.63964
1.3986
0.51657
-0.38594
-0.69362
-0.69362
-0.38594
0.51657
1.4396
0.63964
-0.32441
-0.69362
-0.71413
-0.46799
0.35248
1.4601
0.84476
-0.26287
-0.67311
-0.73464
-0.52953
0.16787
1.4191
1.0704
-0.1398
-0.6526
-0.75515
-0.61157
0.024291
1.296
1.296
0.0037793
-0.61157
-0.77567
-0.69362
-0.16031
1.0909
1.5011
0.16787
-0.59106
-0.79618
-0.73464
-0.32441
0.84476
1.6447
0.43453
-0.52953
-0.79618
-0.79618
-0.4885
0.53708
1.7268
0.72169
-0.42697
-0.77567
-0.8372
-0.61157
0.22941
1.6447
1.1114
-0.24236
-0.75515
-0.8372
-0.71413
-0.098779
1.3781
1.5011
0.0037793
-0.69362
-0.85771
-0.79618
-0.36543
0.96783
1.7883
0.33197
-0.59106
-0.85771
-0.8372
-0.57055
0.49606
1.8909
0.80374
-0.42697
-0.8372
-0.87822
-0.69362
0.044803
1.7063
1.3781
-0.18083
-0.75515
-0.87822
-0.79618
-0.32441
1.1935
1.8909
0.22941
-0.67311
-0.89874
-0.85771
-0.55004
0.57811
2.055
0.80374
-0.46799
-0.8372
-0.87822
-0.73464
0.024291
1.7678
1.5422
-0.16031
-0.75515
-0.91925
-0.8372
-0.40645
1.0499
2.096
0.35248
-0.63208
-0.87822
-0.89874
-0.67311
0.31145
2.1165
1.1935
-0.36543
-0.81669
-0.89874
-0.81669
-0.28338
1.4396
2.055
0.10634
-0.73464
-0.91925
-0.89874
-0.63208
0.47555
2.3011
0.98834
-0.4885
-0.85771
-0.93976
-0.81669
-0.26287
1.5627
2.0755
0.044803
-0.75515
-0.91925
-0.93976
-0.67311
0.43453
2.4242
1.0704
-0.4885
-0.87822
-0.96027
-0.89874
-0.40645
1.3986
2.3216
0.14736
-0.77567
-0.96027
-0.98078
-0.79618
0.085826
2.3216
1.5216
-0.42697
-0.91925
-1.0013
-0.96027
-0.63208
0.78322
2.7113
0.66015
-0.67311
-0.98078
-1.0013
-0.91925
-0.42697
1.5832
2.5472
0.065314
-0.81669
-1.0013
-1.0218
-0.91925
-0.20134
2.1985
2.1165
-0.28338
-0.89874
-1.0423
-1.0423
-0.89874
-0.078268
2.6088
1.8909
-0.42697
-0.96027
-1.0628
-1.0423
-0.91925
-0.16031
2.6498
2.1575
-0.40645
-0.93976
-1.0628
-1.0628
-1.0013
-0.59106
1.7473
3.3882
0.024291
-0.91925
-1.0423
-1.0833
-1.0833
-1.0628
-0.59106
2.3831
3.5113
-0.24236
-0.98078
-1.0628
-1.1039
-1.1244
-1.1449
-1.1039
-0.69362
1.1935
1.4601
0.14736
-0.50901
-0.6526
-0.44748
0.044803
0.7422
0.68067
-0.016732
-0.46799
-0.59106
-0.38594
0.10634
0.78322
0.66015
-0.037244
-0.4885
-0.59106
-0.38594
0.12685
0.80374
0.66015
-0.078268
-0.50901
-0.57055
-0.40645
0.16787
0.86527
0.68067
-0.057756
-0.50901
-0.61157
-0.42697
0.14736
0.90629
0.70118
-0.098779
-0.55004
-0.63208
-0.44748
0.14736
0.92681
0.72169
-0.098779
-0.57055
-0.6526
-0.46799
0.12685
0.98834
0.76271
-0.098779
-0.57055
-0.67311
-0.4885
0.10634
0.98834
0.82425
-0.098779
-0.59106
-0.69362
-0.55004
0.085826
1.0089
0.88578
-0.078268
-0.59106
-0.73464
-0.59106
0.0037793
0.98834
0.98834
-0.016732
-0.59106
-0.73464
-0.61157
-0.057756
0.98834
1.0909
0.044803
-0.59106
-0.77567
-0.6526
-0.11929
0.92681
1.214
0.10634
-0.55004
-0.75515
-0.67311
-0.22185
0.82425
1.3165
0.22941
-0.50901
-0.75515
-0.71413
-0.32441
0.72169
1.4191
0.41401
-0.4885
-0.73464
-0.73464
-0.40645
0.57811
1.5011
0.59862
-0.42697
-0.75515
-0.77567
-0.50901
0.37299
1.5011
0.80374
-0.32441
-0.73464
-0.77567
-0.61157
0.16787
1.4396
1.0704
-0.20134
-0.73464
-0.79618
-0.69362
-0.037244
1.296
1.337
-0.016732
-0.67311
-0.8372
-0.75515
-0.26287
1.0294
1.5832
0.18838
-0.61157
-0.8372
-0.79618
-0.42697
0.70118
1.7473
0.49606
-0.52953
-0.8372
-0.85771
-0.57055
0.33197
1.7268
0.92681
-0.38594
-0.79618
-0.87822
-0.71413
-0.016732
1.5011
1.337
-0.16031
-0.75515
-0.89874
-0.81669
-0.32441
1.1319
1.7268
0.14736
-0.69362
-0.89874
-0.85771
-0.52953
0.61913
1.9319
0.63964
-0.55004
-0.87822
-0.91925
-0.69362
0.12685
1.7678
1.2345
-0.3039
-0.8372
-0.93976
-0.8372
-0.3039
1.2755
1.7678
0.085826
-0.73464
-0.91925
-0.89874
-0.59106
0.59862
2.055
0.66015
-0.57055
-0.89874
-0.93976
-0.75515
0.024291
1.7883
1.4191
-0.26287
-0.81669
-0.93976
-0.87822
-0.42697
1.0909
2.096
0.29094
-0.67311
-0.93976
-0.91925
-0.69362
0.29094
2.137
1.1319
-0.42697
-0.85771
-0.93976
-0.8372
-0.32441
1.3986
2.0139
0.085826
-0.75515
-0.93976
-0.91925
-0.67311
0.43453
2.2806
1.0089
-0.4885
-0.89874
-0.96027
-0.85771
-0.32441
1.5011
2.137
0.065314
-0.77567
-0.96027
-0.96027
-0.73464
0.31145
2.3626
1.1935
-0.50901
-0.91925
-1.0013
-0.91925
-0.4885
1.255
2.4447
0.24992
-0.75515
-0.98078
-1.0013
-0.85771
-0.057756
2.178
1.7473
-0.32441
-0.91925
-1.0218
-0.98078
-0.73464
0.53708
2.7523
0.92681
-0.6526
-0.96027
-1.0218
-0.98078
-0.57055
1.1729
2.7729
0.33197
-0.79618
-1.0013
-1.0423
-0.96027
-0.46799
1.6857
2.6293
-0.016732
-0.87822
-1.0423
-1.0833
-0.98078
-0.44748
1.9319
2.6703
-0.1398
-0.93976
-1.0628
-1.0833
-1.0218
-0.63208
1.5422
3.2446
0.085826
-0.89874
-1.0628
-1.1039
-1.0833
-0.93976
0.10634
3.6344
1.6242
-0.71413
-1.0628
-1.1039
-1.1449
-1.1449
-1.1244
-0.8372
1.3576
3.942
0.2089
-0.89874
-1.0423
-1.0833
-1.0218
-0.63208
1.1114
2.6908
0.37299
-0.75515
-0.96027
-0.98078
-0.81669
-0.037244
1.9729
1.6037
-0.28338
-0.87822
-0.98078
-0.89874
-0.4885
1.0294
2.3216
0.37299
-0.71413
-0.96027
-0.96027
-0.77567
0.044803
2.0755
1.5011
-0.32441
-0.89874
-0.98078
-0.91925
-0.55004
0.96783
2.4242
0.43453
-0.71413
-0.96027
-1.0013
-0.85771
-0.098779
1.9934
1.7883
-0.26287
-0.89874
-1.0013
-0.98078
-0.69362
0.59862
2.6088
0.84476
-0.6526
-0.96027
-1.0423
-0.93976
-0.46799
1.4191
2.4652
0.10634
-0.81669
-1.0013
-1.0218
-0.89874
-0.1398
2.1985
1.9524
-0.34492
-0.93976
-1.0423
-1.0423
-0.8372
0.16787
2.7318
1.3986
-0.57055
-0.96027
-1.0628
-1.0423
-0.81669
0.35248
3.0395
1.1524
-0.6526
-1.0218
-1.0628
-1.0628
-0.89874
0.16787
3.1626
1.4396
-0.6526
-1.0423
-1.1039
-1.1039
-1.0423
-0.46799
2.3831
2.8549
-0.3039
-1.0013
-1.0833
-1.1244
-1.1449
-1.0833
-0.55004
2.6293
3.3062
-0.36543
-1.0423
-1.1039
-1.1244
-1.1654
-1.1654
-1.1039
-0.42697
1.7473
1.4191
-0.11929
-0.67311
-0.75515
-0.57055
0.085826
0.96783
0.76271
-0.1398
-0.61157
-0.69362
-0.4885
0.12685
0.96783
0.7422
-0.1398
-0.59106
-0.69362
-0.50901
0.12685
0.98834
0.78322
-0.11929
-0.61157
-0.71413
-0.55004
0.085826
1.0294
0.84476
-0.11929
-0.61157
-0.73464
-0.57055
0.044803
1.0089
0.90629
-0.057756
-0.61157
-0.73464
-0.61157
-0.016732
0.98834
1.0089
-0.016732
-0.61157
-0.75515
-0.63208
-0.098779
0.94732
1.1319
0.044803
-0.59106
-0.77567
-0.69362
-0.18083
0.88578
1.2345
0.16787
-0.57055
-0.77567
-0.73464
-0.28338
0.76271
1.3576
0.29094
-0.50901
-0.77567
-0.77567
-0.40645
0.59862
1.4191
0.45504
-0.4885
-0.79618
-0.79618
-0.50901
0.43453
1.4806
0.66015
-0.40645
-0.77567
-0.81669
-0.59106
0.22941
1.4396
0.88578
-0.3039
-0.77567
-0.8372
-0.67311
0.0037793
1.337
1.1524
-0.16031
-0.73464
-0.85771
-0.73464
-0.18083
1.1319
1.4601
0.065314
-0.67311
-0.87822
-0.79618
-0.38594
0.84476
1.6447
0.35248
-0.59106
-0.85771
-0.8372
-0.52953
0.49606
1.7473
0.70118
-0.46799
-0.81669
-0.87822
-0.6526
0.14736
1.6447
1.1524
-0.26287
-0.77567
-0.87822
-0.77567
-0.1398
1.296
1.5832
0.0037793
-0.73464
-0.89874
-0.8372
-0.44748
0.84476
1.8703
0.41401
-0.59106
-0.87822
-0.89874
-0.6526
0.35248
1.8909
0.96783
-0.42697
-0.8372
-0.91925
-0.77567
-0.11929
1.5627
1.5627
-0.098779
-0.77567
-0.89874
-0.87822
-0.46799
0.90629
1.9934
0.37299
-0.63208
-0.89874
-0.91925
-0.69362
0.27043
1.9934
1.0909
-0.40645
-0.85771
-0.93976
-0.81669
-0.26287
1.4396
1.8293
0.0037793
-0.77567
-0.96027
-0.91925
-0.63208
0.63964
2.1985
0.70118
-0.59106
-0.93976
-0.98078
-0.81669
-0.11929
1.7883
1.6242
-0.20134
-0.8372
-0.96027
-0.91925
-0.57055
0.82425
2.3011
0.51657
-0.67311
-0.93976
-1.0013
-0.81669
-0.057756
1.9524
1.6242
-0.28338
-0.87822
-0.98078
-0.93976
-0.59106
0.80374
2.4447
0.57811
-0.67311
-0.96027
-1.0013
-0.85771
-0.18083
1.8703
1.8909
-0.20134
-0.85771
-1.0013
-0.98078
-0.71413
0.47555
2.5677
0.96783
-0.57055
-0.93976
-0.98078
-0.93976
-0.46799
1.337
2.5062
0.2089
-0.79618
-0.98078
-1.0013
-0.87822
-0.18083
2.137
1.9934
-0.24236
-0.91925
-1.0218
-1.0218
-0.8372
0.16787
2.7113
1.4396
-0.50901
-0.98078
-1.0423
-1.0218
-0.79618
0.41401
2.9985
1.1114
-0.67311
-0.98078
-1.0423
-1.0423
-0.8372
0.35248
3.2036
1.214
-0.67311
-1.0013
-1.0833
-1.0833
-0.98078
-0.18083
2.8754
2.219
-0.50901
-1.0013
-1.0833
-1.1244
-1.1244
-0.93976
0.27043
4.0036
1.296
-0.79618
-1.0628
-1.1039
-1.1449
-1.1449
-1.1859
-1.1654
-0.85771
0.22941
0.085826
-0.34492
-0.50901
-0.46799
-0.24236
0.085826
0.33197
0.18838
-0.1398
-0.36543
-0.38594
-0.18083
0.16787
0.35248
0.18838
-0.1398
-0.34492
-0.32441
-0.11929
0.22941
0.3935
0.16787
-0.18083
-0.36543
-0.34492
-0.078268
0.27043
0.41401
0.14736
-0.18083
-0.36543
-0.32441
-0.078268
0.33197
0.41401
0.14736
-0.24236
-0.38594
-0.34492
-0.037244
0.37299
0.45504
0.085826
-0.28338
-0.42697
-0.32441
-0.016732
0.43453
0.47555
0.065314
-0.3039
-0.44748
-0.32441
0.044803
0.49606
0.47555
0.044803
-0.34492
-0.44748
-0.32441
0.085826
0.53708
0.47555
-0.016732
-0.38594
-0.46799
-0.32441
0.10634
0.59862
0.47555
-0.057756
-0.40645
-0.50901
-0.32441
0.14736
0.66015
0.47555
-0.078268
-0.44748
-0.50901
-0.3039
0.2089
0.70118
0.49606
-0.098779
-0.46799
-0.52953
-0.3039
0.24992
0.76271
0.47555
-0.1398
-0.4885
-0.52953
-0.32441
0.27043
0.80374
0.47555
-0.18083
-0.52953
-0.55004
-0.28338
0.31145
0.84476
0.47555
-0.20134
-0.52953
-0.59106
-0.3039
0.33197
0.90629
0.49606
-0.20134
-0.55004
-0.61157
-0.34492
0.35248
0.96783
0.51657
-0.24236
-0.59106
-0.61157
-0.34492
0.35248
0.98834
0.53708
-0.24236
-0.61157
-0.63208
-0.36543
0.33197
1.0499
0.5576
-0.24236
-0.61157
-0.67311
-0.40645
0.33197
1.0909
0.61913
-0.24236
-0.63208
-0.6526
-0.42697
0.27043
1.1319
0.68067
-0.22185
-0.6526
-0.71413
-0.4885
0.22941
1.1524
0.76271
-0.20134
-0.6526
-0.71413
-0.50901
0.16787
1.1524
0.86527
-0.16031
-0.61157
-0.73464
-0.57055
0.085826
1.1524
0.98834
-0.078268
-0.63208
-0.75515
-0.61157
-0.016732
1.1114
1.1319
0.024291
-0.61157
-0.77567
-0.67311
-0.1398
0.98834
1.255
0.085826
-0.57055
-0.77567
-0.69362
-0.26287
0.86527
1.4191
0.27043
-0.55004
-0.77567
-0.73464
-0.36543
0.68067
1.5216
0.45504
-0.46799
-0.77567
-0.77567
-0.46799
0.49606
1.5627
0.70118
-0.38594
-0.75515
-0.77567
-0.57055
0.27043
1.5216
0.98834
-0.26287
-0.73464
-0.81669
-0.67311
0.0037793
1.3781
1.296
-0.078268
-0.67311
-0.8372
-0.73464
-0.22185
1.1114
1.5627
0.16787
-0.63208
-0.81669
-0.79618
-0.42697
0.76271
1.7883
0.49606
-0.52953
-0.8372
-0.8372
-0.57055
0.3935
1.7678
0.88578
-0.40645
-0.79618
-0.87822
-0.71413
0.0037793
1.5422
1.337
-0.1398
-0.75515
-0.89874
-0.79618
-0.32441
1.1319
1.7883
0.18838
-0.67311
-0.85771
-0.8372
-0.55004
0.59862
1.9729
0.68067
-0.4885
-0.8372
-0.89874
-0.71413
0.10634
1.7473
1.3165
-0.24236
-0.79618
-0.91925
-0.81669
-0.3039
1.2345
1.8909
0.16787
-0.69362
-0.89874
-0.87822
-0.59106
0.5576
2.1165
0.80374
-0.50901
-0.87822
-0.91925
-0.75515
-0.037244
1.7268
1.6037
-0.1398
-0.79618
-0.91925
-0.87822
-0.4885
0.94732
2.178
0.43453
-0.6526
-0.89874
-0.91925
-0.73464
0.14736
2.055
1.337
-0.34492
-0.8372
-0.93976
-0.85771
-0.40645
1.1935
2.1985
0.24992
-0.71413
-0.93976
-0.93976
-0.73464
0.2089
2.1985
1.296
-0.40645
-0.87822
-0.93976
-0.89874
-0.44748
1.214
2.3421
0.27043
-0.71413
-0.93976
-0.96027
-0.79618
0.085826
2.1985
1.5216
-0.38594
-0.87822
-0.98078
-0.93976
-0.61157
0.88578
2.5677
0.57811
-0.69362
-0.91925
-1.0218
-0.91925
-0.28338
1.8088
2.178
-0.098779
-0.85771
-1.0013
-1.0013
-0.81669
0.14736
2.5472
1.4601
-0.4885
-0.96027
-1.0218
-1.0013
-0.73464
0.61913
2.8754
0.84476
-0.69362
-0.98078
-1.0423
-1.0013
-0.67311
1.0294
3.019
0.49606
-0.79618
-1.0218
-1.0628
-1.0218
-0.67311
1.1114
3.2036
0.41401
-0.81669
-1.0218
-1.0628
-1.0423
-0.81669
0.57811
3.5318
0.94732
-0.75515
-1.0218
-1.1244
-1.1244
-1.0423
-0.57055
2.1575
3.3677
-0.18083
-0.98078
-1.0833
-1.1039
-1.1449
-1.1449
-1.1449
-0.89874
0.90629
2.0344
0.10634
-0.6526
-0.77567
-0.59106
0.024291
0.94732
0.78322
-0.057756
-0.59106
-0.67311
-0.4885
0.10634
0.88578
0.7422
-0.11929
-0.57055
-0.67311
-0.4885
0.085826
0.90629
0.76271
-0.098779
-0.55004
-0.67311
-0.4885
0.085826
0.94732
0.82425
-0.057756
-0.57055
-0.69362
-0.50901
0.065314
0.96783
0.86527
-0.057756
-0.57055
-0.71413
-0.55004
0.0037793
0.98834
0.94732
-0.016732
-0.57055
-0.71413
-0.59106
-0.037244
0.96783
1.0499
0.024291
-0.57055
-0.73464
-0.61157
-0.098779
0.92681
1.1319
0.085826
-0.57055
-0.75515
-0.67311
-0.22185
0.84476
1.255
0.18838
-0.55004
-0.75515
-0.71413
-0.28338
0.7422
1.337
0.31145
-0.50901
-0.77567
-0.73464
-0.38594
0.59862
1.4191
0.47555
-0.44748
-0.75515
-0.77567
-0.4885
0.43453
1.4806
0.68067
-0.38594
-0.75515
-0.79618
-0.57055
0.24992
1.4601
0.90629
-0.28338
-0.73464
-0.81669
-0.6526
0.044803
1.3576
1.1729
-0.1398
-0.71413
-0.8372
-0.71413
-0.1398
1.1729
1.4191
0.085826
-0.6526
-0.8372
-0.77567
-0.34492
0.86527
1.6447
0.35248
-0.57055
-0.8372
-0.81669
-0.50901
0.5576
1.7473
0.70118
-0.44748
-0.81669
-0.8372
-0.63208
0.18838
1.6652
1.1114
-0.28338
-0.77567
-0.87822
-0.73464
-0.11929
1.3576
1.5011
-0.016732
-0.71413
-0.87822
-0.79618
-0.38594
0.94732
1.8498
0.35248
-0.59106
-0.85771
-0.85771
-0.59106
0.41401
1.8909
0.86527
-0.44748
-0.8372
-0.89874
-0.73464
-0.016732
1.6242
1.4396
-0.16031
-0.77567
-0.91925
-0.8372
-0.36543
1.0704
1.9319
0.27043
-0.6526
-0.91925
-0.89874
-0.6526
0.41401
2.0139
0.92681
-0.4885
-0.85771
-0.91925
-0.77567
-0.11929
1.6037
1.6857
-0.11929
-0.77567
-0.93976
-0.89874
-0.52953
0.84476
2.137
0.51657
-0.63208
-0.89874
-0.93976
-0.75515
0.085826
1.9934
1.3781
-0.3039
-0.85771
-0.93976
-0.87822
-0.42697
1.1524
2.178
0.27043
-0.71413
-0.91925
-0.93976
-0.73464
0.2089
2.1575
1.255
-0.42697
-0.87822
-0.96027
-0.89874
-0.42697
1.2345
2.2601
0.22941
-0.73464
-0.93976
-0.96027
-0.77567
0.14736
2.219
1.4191
-0.38594
-0.89874
-0.98078
-0.89874
-0.50901
1.0294
2.5267
0.43453
-0.71413
-0.96027
-0.98078
-0.85771
-0.1398
1.9934
1.9114
-0.22185
-0.87822
-1.0013
-0.98078
-0.75515
0.41401
2.6703
1.0909
-0.57055
-0.93976
-1.0218
-0.96027
-0.59106
1.0499
2.7729
0.41401
-0.77567
-1.0013
-1.0423
-0.96027
-0.42697
1.6857
2.5677
0.0037793
-0.85771
-1.0423
-1.0423
-0.96027
-0.34492
2.055
2.4652
-0.18083
-0.91925
-1.0628
-1.0423
-0.98078
-0.44748
2.0139
2.7729
-0.098779
-0.91925
-1.0628
-1.1039
-1.0423
-0.75515
1.0294
3.6754
0.47555
-0.87822
-1.0628
-1.1039
-1.1244
-1.0833
-0.73464
1.6857
3.9625
0.044803
-0.96027
-1.1039
-1.1244
-1.1449
-1.1654
-1.1449
-0.79618
1.1524
2.1575
0.29094
-0.63208
-0.8372
-0.73464
-0.3039
0.76271
1.2755
0.22941
-0.52953
-0.77567
-0.69362
-0.28338
0.72169
1.255
0.29094
-0.4885
-0.75515
-0.71413
-0.32441
0.63964
1.3165
0.41401
-0.46799
-0.73464
-0.73464
-0.40645
0.5576
1.3781
0.53708
-0.44748
-0.75515
-0.75515
-0.4885
0.37299
1.4191
0.70118
-0.34492
-0.73464
-0.79618
-0.57055
0.22941
1.3781
0.88578
-0.26287
-0.73464
-0.81669
-0.63208
0.065314
1.3165
1.1319
-0.1398
-0.69362
-0.81669
-0.71413
-0.11929
1.1729
1.337
0.024291
-0.6526
-0.8372
-0.77567
-0.3039
0.90629
1.5627
0.27043
-0.61157
-0.8372
-0.81669
-0.46799
0.59862
1.6857
0.5576
-0.4885
-0.79618
-0.8372
-0.59106
0.31145
1.6652
0.90629
-0.36543
-0.79618
-0.85771
-0.71413
0.0037793
1.4601
1.3165
-0.1398
-0.75515
-0.87822
-0.79618
-0.26287
1.1319
1.6447
0.16787
-0.67311
-0.87822
-0.85771
-0.50901
0.68067
1.8909
0.57811
-0.55004
-0.85771
-0.87822
-0.67311
0.2089
1.7678
1.1114
-0.34492
-0.8372
-0.91925
-0.77567
-0.20134
1.3781
1.6447
-0.016732
-0.73464
-0.89874
-0.85771
-0.4885
0.78322
1.9934
0.49606
-0.61157
-0.89874
-0.91925
-0.69362
0.18838
1.9114
1.1729
-0.34492
-0.8372
-0.93976
-0.8372
-0.3039
1.337
1.8293
0.065314
-0.75515
-0.93976
-0.89874
-0.59106
0.59862
2.137
0.72169
-0.55004
-0.89874
-0.96027
-0.79618
-0.078268
1.7473
1.6242
-0.18083
-0.81669
-0.96027
-0.89874
-0.55004
0.84476
2.2396
0.47555
-0.6526
-0.93976
-0.96027
-0.79618
0.0037793
1.9729
1.5011
-0.3039
-0.85771
-0.98078
-0.93976
-0.55004
0.96783
2.3216
0.45504
-0.71413
-0.96027
-0.98078
-0.8372
-0.037244
2.0139
1.6447
-0.32441
-0.87822
-1.0013
-0.96027
-0.61157
0.7422
2.5062
0.63964
-0.6526
-0.96027
-1.0013
-0.87822
-0.3039
1.7268
2.1165
-0.078268
-0.85771
-1.0013
-1.0013
-0.79618
0.2089
2.5062
1.3165
-0.50901
-0.93976
-1.0218
-1.0013
-0.67311
0.82425
2.7729
0.59862
-0.73464
-1.0013
-1.0218
-0.98078
-0.50901
1.4601
2.6703
0.12685
-0.8372
-1.0423
-1.0628
-0.98078
-0.40645
1.8703
2.5472
-0.11929
-0.91925
-1.0423
-1.0423
-1.0013
-0.46799
1.9114
2.7729
-0.098779
-0.91925
-1.0423
-1.1039
-1.0628
-0.73464
1.1524
3.5523
0.37299
-0.87822
-1.0628
-1.1039
-1.1039
-1.0628
-0.52953
2.4447
3.2857
-0.28338
-1.0013
-1.0628
-1.1039
-1.1449
-1.1449
-1.1654
-1.0833
-0.42697
0.24992
-0.28338
-0.52953
-0.59106
-0.44748
-0.1398
0.29094
0.41401
0.10634
-0.28338
-0.44748
-0.38594
-0.078268
0.33197
0.41401
0.065314
-0.28338
-0.42697
-0.32441
0.0037793
0.3935
0.45504
0.044803
-0.3039
-0.44748
-0.32441
0.044803
0.45504
0.43453
0.024291
-0.34492
-0.44748
-0.3039
0.065314
0.51657
0.43453
-0.016732
-0.38594
-0.46799
-0.3039
0.12685
0.57811
0.45504
-0.057756
-0.40645
-0.46799
-0.28338
0.16787
0.61913
0.43453
-0.098779
-0.42697
-0.4885
-0.3039
0.2089
0.68067
0.43453
-0.1398
-0.44748
-0.50901
-0.28338
0.24992
0.72169
0.43453
-0.16031
-0.4885
-0.50901
-0.28338
0.29094
0.78322
0.43453
-0.20134
-0.52953
-0.52953
-0.28338
0.33197
0.82425
0.43453
-0.20134
-0.52953
-0.52953
-0.28338
0.35248
0.86527
0.45504
-0.24236
-0.55004
-0.57055
-0.28338
0.3935
0.92681
0.45504
-0.26287
-0.57055
-0.59106
-0.3039
0.3935
0.96783
0.47555
-0.26287
-0.59106
-0.61157
-0.32441
0.41401
1.0499
0.53708
-0.26287
-0.59106
-0.61157
-0.32441
0.41401
1.0909
0.5576
-0.26287
-0.63208
-0.63208
-0.34492
0.3935
1.1319
0.59862
-0.26287
-0.63208
-0.67311
-0.40645
0.37299
1.1729
0.63964
-0.24236
-0.6526
-0.69362
-0.42697
0.31145
1.1935
0.76271
-0.22185
-0.6526
-0.71413
-0.50901
0.2089
1.214
0.84476
-0.18083
-0.63208
-0.73464
-0.55004
0.10634
1.1935
0.96783
-0.098779
-0.6526
-0.75515
-0.61157
0.024291
1.1114
1.1114
-0.016732
-0.63208
-0.77567
-0.6526
-0.11929
1.0294
1.2755
0.085826
-0.57055
-0.77567
-0.69362
-0.24236
0.90629
1.3986
0.24992
-0.55004
-0.77567
-0.75515
-0.38594
0.70118
1.5216
0.43453
-0.50901
-0.79618
-0.77567
-0.4885
0.47555
1.5627
0.68067
-0.40645
-0.77567
-0.81669
-0.57055
0.22941
1.5422
0.96783
-0.28338
-0.75515
-0.81669
-0.67311
-0.016732
1.3781
1.2755
-0.078268
-0.71413
-0.8372
-0.73464
-0.22185
1.1319
1.5832
0.16787
-0.6526
-0.85771
-0.79618
-0.42697
0.7422
1.7678
0.49606
-0.52953
-0.8372
-0.8372
-0.57055
0.35248
1.7678
0.94732
-0.38594
-0.79618
-0.87822
-0.71413
-0.016732
1.5422
1.3986
-0.11929
-0.73464
-0.87822
-0.79618
-0.32441
1.0909
1.8088
0.24992
-0.6526
-0.85771
-0.8372
-0.55004
0.57811
1.9729
0.76271
-0.4885
-0.8372
-0.89874
-0.71413
0.065314
1.7268
1.3781
-0.20134
-0.77567
-0.89874
-0.81669
-0.34492
1.1729
1.9114
0.22941
-0.67311
-0.89874
-0.89874
-0.63208
0.47555
2.055
0.86527
-0.4885
-0.87822
-0.91925
-0.77567
-0.098779
1.6447
1.6447
-0.11929
-0.77567
-0.93976
-0.89874
-0.52953
0.84476
2.178
0.51657
-0.63208
-0.91925
-0.93976
-0.75515
0.065314
1.9524
1.4191
-0.3039
-0.85771
-0.93976
-0.87822
-0.46799
1.0704
2.2396
0.33197
-0.69362
-0.96027
-0.93976
-0.75515
0.14736
2.1165
1.3781
-0.38594
-0.87822
-0.96027
-0.89874
-0.50901
1.0909
2.3626
0.35248
-0.71413
-0.96027
-0.98078
-0.81669
0.0037793
2.1165
1.6447
-0.28338
-0.85771
-0.98078
-0.93976
-0.63208
0.78322
2.5677
0.68067
-0.67311
-0.93976
-0.98078
-0.87822
-0.34492
1.6857
2.2806
-0.016732
-0.8372
-0.98078
-0.98078
-0.81669
0.065314
2.4447
1.5627
-0.44748
-0.91925
-1.0013
-1.0013
-0.73464
0.5576
2.8754
0.94732
-0.67311
-0.96027
-1.0423
-1.0013
-0.67311
0.92681
3.019
0.53708
-0.75515
-1.0013
-1.0628
-1.0013
-0.67311
1.0499
3.1831
0.45504
-0.79618
-1.0218
-1.0423
-1.0423
-0.81669
0.61913
3.4908
0.88578
-0.73464
-1.0218
-1.0628
-1.0833
-1.0218
-0.44748
2.5062
2.9985
-0.3039
-0.98078
-1.0833
-1.1244
-1.1244
-1.1449
-1.0218
-0.037244
3.819
1.6037
-0.67311
-1.0218
-1.0628
-1.0423
-0.77567
0.49606
2.6498
0.92681
-0.63208
-0.93976
-1.0218
-0.87822
-0.34492
1.4806
1.9934
0.0037793
-0.77567
-0.96027
-0.93976
-0.6526
0.5576
2.2806
0.80374
-0.57055
-0.91925
-0.96027
-0.8372
-0.20134
1.6857
1.8498
-0.11929
-0.8372
-0.98078
-0.96027
-0.63208
0.59862
2.4036
0.76271
-0.61157
-0.93976
-0.98078
-0.87822
-0.24236
1.6857
2.0139
-0.078268
-0.8372
-0.98078
-0.98078
-0.71413
0.37299
2.4652
1.0704
-0.52953
-0.91925
-1.0013
-0.91925
-0.46799
1.2755
2.4857
0.22941
-0.77567
-0.98078
-1.0013
-0.85771
-0.098779
2.178
1.8703
-0.28338
-0.89874
-1.0013
-1.0013
-0.77567
0.35248
2.7318
1.1524
-0.59106
-0.98078
-1.0423
-1.0013
-0.69362
0.82425
2.937
0.63964
-0.73464
-1.0218
-1.0423
-1.0013
-0.6526
1.1114
3.0805
0.41401
-0.79618
-1.0218
-1.0628
-1.0423
-0.71413
0.94732
3.3472
0.53708
-0.81669
-1.0423
-1.0833
-1.1039
-0.93976
0.10634
3.4087
1.6242
-0.69362
-1.0218
-1.1039
-1.1039
-1.1244
-0.96027
0.29094
4.0036
1.296
-0.81669
-1.0628
-1.1244
-1.1449
-1.1654
-1.1654
-0.96027
0.51657
2.6908
0.80374
-0.57055
-0.89874
-0.89874
-0.61157
0.31145
1.5832
0.78322
-0.38594
-0.79618
-0.8372
-0.63208
0.16787
1.4601
0.98834
-0.24236
-0.75515
-0.8372
-0.67311
-0.016732
1.296
1.2345
-0.098779
-0.71413
-0.85771
-0.75515
-0.20134
1.0909
1.4806
0.12685
-0.6526
-0.8372
-0.79618
-0.38594
0.76271
1.6652
0.3935
-0.57055
-0.8372
-0.8372
-0.55004
0.47555
1.7268
0.76271
-0.44748
-0.81669
-0.87822
-0.67311
0.085826
1.5832
1.1729
-0.24236
-0.77567
-0.89874
-0.77567
-0.20134
1.2755
1.5832
0.044803
-0.71413
-0.87822
-0.8372
-0.46799
0.78322
1.8703
0.45504
-0.59106
-0.85771
-0.87822
-0.6526
0.31145
1.8703
1.0089
-0.38594
-0.8372
-0.89874
-0.75515
-0.11929
1.4806
1.5832
-0.078268
-0.75515
-0.89874
-0.8372
-0.46799
0.90629
1.9934
0.41401
-0.63208
-0.89874
-0.89874
-0.67311
0.24992
1.9524
1.0909
-0.40645
-0.85771
-0.93976
-0.81669
-0.26287
1.4191
1.8293
0.024291
-0.75515
-0.93976
-0.91925
-0.59106
0.63964
2.178
0.70118
-0.57055
-0.91925
-0.93976
-0.79618
-0.057756
1.7883
1.6037
-0.20134
-0.81669
-0.98078
-0.91925
-0.55004
0.88578
2.2601
0.49606
-0.6526
-0.91925
-0.96027
-0.79618
-0.016732
1.9729
1.5627
-0.3039
-0.85771
-0.96027
-0.91925
-0.55004
0.90629
2.4036
0.49606
-0.69362
-0.93976
-0.98078
-0.8372
-0.098779
1.9524
1.7678
-0.24236
-0.85771
-1.0013
-0.93976
-0.6526
0.63964
2.5472
0.78322
-0.63208
-0.96027
-1.0218
-0.91925
-0.40645
1.5627
2.3011
0.024291
-0.8372
-1.0013
-1.0013
-0.8372
0.044803
2.3831
1.6037
-0.42697
-0.91925
-1.0013
-0.98078
-0.75515
0.53708
2.8139
0.92681
-0.6526
-0.98078
-1.0218
-0.96027
-0.63208
1.0089
2.937
0.49606
-0.77567
-1.0013
-1.0423
-0.98078
-0.63208
1.2345
3.06
0.33197
-0.8372
-1.0218
-1.0628
-1.0423
-0.71413
0.96783
3.3882
0.53708
-0.81669
-1.0423
-1.0833
-1.0833
-0.93976
-0.037244
3.3267
1.9114
-0.59106
-1.0218
-1.0833
-1.1244
-1.1244
-1.0628
-0.38594
3.2651
2.7318
-0.52953
-1.0218
-1.1039
-1.1244
-1.1449
-1.1449
-1.0013
0.2089
2.5472
1.0499
-0.4885
-0.85771
-0.85771
-0.61157
0.18838
1.4601
0.90629
-0.32441
-0.77567
-0.81669
-0.63208
0.10634
1.3576
1.0499
-0.18083
-0.71413
-0.81669
-0.69362
-0.057756
1.2345
1.2755
-0.016732
-0.69362
-0.8372
-0.75515
-0.24236
1.0089
1.4806
0.16787
-0.61157
-0.8372
-0.77567
-0.40645
