6.542000000000000000e+03
6.524013205282079070e+03
6.557078337329938222e+03
6.654999999999732609e+03
6.648032412964883406e+03
6.728929656275397065e+03
6.641000000000480213e+03
6.518011604641668782e+03
6.546934452438662447e+03
6.465000000000670298e+03
6.498999599839945404e+03
6.498023181454540463e+03
6.526999999999683496e+03
6.663991201759909927e+03
6.641995600880105485e+03
6.620000000000300133e+03
6.826981592637728681e+03
6.780964028777682870e+03
6.736000000000735781e+03
6.621978791517528407e+03
6.569047162269099317e+03
6.627999999998874046e+03
6.534002801120307595e+03
6.541035171861581148e+03
6.584999999999040483e+03
6.646023209282388052e+03
6.704022382093657143e+03
6.731999999999313332e+03
6.638026810722575647e+03
6.704992006395149474e+03
6.695000000000272848e+03
6.598925970393392163e+03
6.414020995800070523e+03
6.440265746849838251e+03
6.466510497899605980e+03
6.492755248949372799e+03
6.518999999999140528e+03
6.537995198079636793e+03
6.526127897676296925e+03
6.685999999994329301e+03
6.744523409361610902e+03
6.802928856917802477e+03
6.714000000003396963e+03
6.636969187678090748e+03
6.560040767384041828e+03
6.610999999997914529e+03
6.545986402720881415e+03
6.511993201361182400e+03
6.478000000001484295e+03
6.516036414561760466e+03
6.607055955232616725e+03
6.676999999996755832e+03
6.745012805120531993e+03
6.776949640290817115e+03
6.714000000003091372e+03
6.638967587038875536e+03
6.557976019186185113e+03
6.528000000001554326e+03
6.558016406560457654e+03
6.598994831087665261e+03
6.592533690234800815e+03
6.586072549381936369e+03
6.579611408529071014e+03
6.573150267676206568e+03
6.566689126823341212e+03
6.560227985970476766e+03
6.553766845117612320e+03
6.547305704264746964e+03
6.540844563411882518e+03
6.534383422559017163e+03
6.527922281706152717e+03
6.521461140853288271e+03
6.515000000000422915e+03
6.557959583840251980e+03
6.457087929648855607e+03
6.566999999992503035e+03
6.617022008799712239e+03
6.671967226221901910e+03
6.631000000002905836e+03
6.663013605439729872e+03
6.696954436454994720e+03
6.640000000004195499e+03
6.614030412159188018e+03
6.689972821745177498e+03
6.656000000002595698e+03
6.676916766722790271e+03
6.469205435631341970e+03
6.725999999979680979e+03
6.752019607839209129e+03
6.800948041572017246e+03
6.736000000005315997e+03
6.696946378562528480e+03
6.563011990406416771e+03
6.577999999998732164e+03
6.500052821117148596e+03
6.631924060759619351e+03
6.537000000008288225e+03
6.552020808318734453e+03
6.604042366102383312e+03
6.656999999995231519e+03
6.812958783522787598e+03
6.709992006395804310e+03
6.700000000000926775e+03
6.582012805119046789e+03
6.613896083145806188e+03
6.484000000012404598e+03
6.539005602239544714e+03
6.553030375695737348e+03
6.590999999996270162e+03
6.577012404958907609e+03
6.608080735401554193e+03
6.708999999989811840e+03
6.792995198080455339e+03
6.780954436456704570e+03
6.724000000005905349e+03
6.656010003998982029e+03
6.680953637096453349e+03
6.623000000006167284e+03
6.512013205278566602e+03
6.544996677128011470e+03
6.540843086579741794e+03
6.536689496031471208e+03
6.532535905483200622e+03
6.528382314934930946e+03
6.524228724386660360e+03
6.520075133838390684e+03
6.515921543290120098e+03
6.511767952741849513e+03
6.507614362193579836e+03
6.503460771645309251e+03
6.499307181097039575e+03
6.495153590548768989e+03
6.491000000000498403e+03
6.531983993602283590e+03
6.492050359704545372e+03
6.554999999992271114e+03
6.702996398560538182e+03
6.693921662682085298e+03
6.596000000012290002e+03
6.487993997600938201e+03
6.473026378892677712e+03
6.505999999995771759e+03
6.529010003998368120e+03
6.554026378892587672e+03
6.586999999995681719e+03
6.616009603838368093e+03
6.640053557145373816e+03
6.706999999991049663e+03
6.776005602239009932e+03
6.789883293385106299e+03
6.644000000019901563e+03
6.645997599040440946e+03
6.639954436458724558e+03
6.583000000007925337e+03
6.441055622229408982e+03
6.580004541817474092e+03
6.585681814662040779e+03
6.591359087506607466e+03
6.597036360351174153e+03
6.602713633195740840e+03
6.608390906040307527e+03
6.614068178884874214e+03
6.619745451729440902e+03
6.625422724574007589e+03
6.631099997418574276e+03
6.636777270263140053e+03
6.642454543107706741e+03
6.648131815952273428e+03
6.653809088796840115e+03
6.659486361641406802e+03
6.665163634485973489e+03
6.670840907330540176e+03
6.676518180175106863e+03
6.682195453019673550e+03
6.687872725864240238e+03
6.693549998708806925e+03
6.699227271553373612e+03
6.704904544397940299e+03
6.710581817242506986e+03
6.716259090087072764e+03
6.721936362931639451e+03
6.727613635776206138e+03
6.733290908620772825e+03
6.738968181465339512e+03
6.744645454309906199e+03
6.750322727154472886e+03
6.755999999999039574e+03
6.666989595842761446e+03
6.640946442857183683e+03
6.574000000011507836e+03
6.600013605436295620e+03
6.634021595676169454e+03
6.661016196755929741e+03
6.688010797835690937e+03
6.715005398915451224e+03
6.741999999995212420e+03
6.796027611032105597e+03
6.864969122477125893e+03
6.826372210230139899e+03
6.787775297983153905e+03
6.749178385736167911e+03
6.710581473489181917e+03
6.671984561242195923e+03
6.633387648995209929e+03
6.594790736748223935e+03
6.556193824501237941e+03
6.517596912254251947e+03
6.479000000007266863e+03
6.619040015987467086e+03
6.718794564397385329e+03
6.462000000049046321e+03
6.404967987210244246e+03
6.325095923238247451e+03
6.444999999976771505e+03
6.471002801119084324e+03
6.478019984007900348e+03
6.502999999995092367e+03
6.594971988809345930e+03
6.525026378890338492e+03
6.557999999993432539e+03
6.611052420942151912e+03
6.741916866527702950e+03
6.638000000020982043e+03
6.601968787530840018e+03
6.524025579529850802e+03
6.555999999993457095e+03
6.565983593445809674e+03
6.524992006396949364e+03
6.515000000002071829e+03
6.537002400959133411e+03
6.543006394882419045e+03
6.550999999998320163e+03
6.713001600639411663e+03
6.716958433264418090e+03
6.665000000011057637e+03
6.639976790728694141e+03
6.582003197441187694e+03
6.585999999999138709e+03
6.702951580658466810e+03
6.581980015992645349e+03
6.557000000005452421e+03
6.668022809111144852e+03
6.724984812154461906e+03
6.706000000004195499e+03
6.710037792420534970e+03
6.804518896199698247e+03
6.898999999978861524e+03
6.719040816303597239e+03
6.820870503633665066e+03
6.659000000036658093e+03
6.552040416143482616e+03
6.653048760977280836e+03
6.713999999986030161e+03
6.692997999200831146e+03
6.688048760977114398e+03
6.748999999985863724e+03
6.798010404155606011e+03
6.823823341378598343e+03
6.603000000051815732e+03
6.593993197282919027e+03
6.576920863332764384e+03
6.478000000023481334e+03
6.473974789930990482e+03
6.410984812154824795e+03
6.392000000004558387e+03
6.446032813105470268e+03
6.528042366094291538e+03
6.580999999987139745e+03
6.596013605433882731e+03
6.629997601919199042e+03
6.627000000000735781e+03
6.565963985616438549e+03
6.476006394882113455e+03
6.483999999998015483e+03
6.475995998401854195e+03
6.466099920032685077e+03
6.590999999968647899e+03
6.480057222853100939e+03
6.622992006397412297e+03
6.613000000002535671e+03
6.747991996803816619e+03
6.727931255017982039e+03
6.642000000022039785e+03
6.649955982421291992e+03
6.540003197441013072e+03
6.543999999998964086e+03
6.534960384179433277e+03
6.436059152658542189e+03
6.509999999980632310e+03
6.718011604634228206e+03
6.746963229428599334e+03
6.701000000012164492e+03
6.839965986417148997e+03
6.755018385285638033e+03
6.777999999993854544e+03
6.676980792329814903e+03
6.628960831348123065e+03
6.580000000013224962e+03
6.574008403355648625e+03
6.594966426869934367e+03
6.553000000011450538e+03
6.556040015979006057e+03
6.656015987204738849e+03
6.675999999994493010e+03
6.706992396964040381e+03
6.688000799360233941e+03
6.688999999999721695e+03
6.591985594247754307e+03
6.556002398080694547e+03
6.558999999999157808e+03
6.605986394567416028e+03
6.572047162253496936e+03
6.630999999983271664e+03
6.695015606231386300e+03
6.733988808956835783e+03
6.720000000004007234e+03
6.754016006391056180e+03
6.793916067176552133e+03
6.689000000030343472e+03
6.596998799520679313e+03
6.593921662698382534e+03
6.496000000028588147e+03
6.508990796325268093e+03
6.486011990403268101e+03
6.500999999995583494e+03
6.614995198082780917e+03
6.603092725784955292e+03
6.718999999965528332e+03
6.796987595047269679e+03
6.765980015994689893e+03
6.741000000007496965e+03
6.693981592650912717e+03
6.648039968010483790e+03
6.697999999984868737e+03
6.691972388976557340e+03
6.623031175048071418e+03
6.661999999988091076e+03
6.667022809106166278e+03
6.723976818554076999e+03
6.695000000008933966e+03
6.761981192491534784e+03
6.714937649904282807e+03
6.637000000024242581e+03
6.511003599277336434e+03
6.520001799637256227e+03
6.528999999997176928e+03
6.549014805910716859e+03
6.586002522920670344e+03
6.589156175003616227e+03
6.592309827086562109e+03
6.595463479169507991e+03
6.598617131252453873e+03
6.601770783335399756e+03
6.604924435418345638e+03
6.608078087501291520e+03
6.611231739584237403e+03
6.614385391667184194e+03
6.617539043750130077e+03
6.620692695833075959e+03
6.623846347916021841e+03
6.626999999998967724e+03
6.584069627793971449e+03
6.758046362890579985e+03
6.815999999980866960e+03
6.785004401757059895e+03
6.796007993601797352e+03
6.805999999996673978e+03
6.687973589457819799e+03
6.621998401279645805e+03
6.620000000000670298e+03
6.603023609423908965e+03
6.661974420474424733e+03
6.630000000010817530e+03
6.543030412139065447e+03
6.619102318101953642e+03
6.746999999956378815e+03
6.804000000000000000e+03
6.803959232631392297e+03
6.753000000017519596e+03
6.758969587861349282e+03
6.682935251826549575e+03
6.602000000028045179e+03
6.593023209263548779e+03
6.650914468462523473e+03
6.544000000037339305e+03
6.720000400159713536e+03
6.721039168647869701e+03
6.769999999982766894e+03
6.814983193292142460e+03
6.772976818555421232e+03
6.744000000010278200e+03
6.696949579876770258e+03
6.570949640310225732e+03
6.508000000022499989e+03
6.533007603034403473e+03
6.551920863344909776e+03
6.453000000035627636e+03
6.456084033537569667e+03
6.665998401279700374e+03
6.664000000000724867e+03
6.727024809901398839e+03
6.788931255027359839e+03
6.703000000031417585e+03
6.643987194889687999e+03
6.611983213436970800e+03
6.591000000007728886e+03
6.543042817087313779e+03
6.649822542048582363e+03
6.428000000082312908e+03
6.373064025550686893e+03
6.533151079066232342e+03
6.721999999929407750e+03
6.704005602235646620e+03
6.718036770566259293e+03
6.763999999982693225e+03
6.735975990418820402e+03
6.675940047989999584e+03
6.601000000028421709e+03
6.643036814690891333e+03
6.734949640311770963e+03
6.672000000024046130e+03
6.667961184510954809e+03
6.571123101459695135e+03
6.724999999940800990e+03
6.829006402554849956e+03
6.844919264627358643e+03
6.744000000039100996e+03
6.698941976847064325e+03
6.553936051190205035e+03
6.474000000031189302e+03
6.523024809899706270e+03
6.585033573125027942e+03
6.626999999983510861e+03
6.705002400958020189e+03
6.711079936011698919e+03
6.810999999960468813e+03
6.767026410538036544e+03
6.832891287024461235e+03
6.697000000054133125e+03
6.724981992815097328e+03
6.680004796160668775e+03
6.685999999997595296e+03
6.612013205268838647e+03
6.645073541130010199e+03
6.736999999962878974e+03
6.849015606226702403e+03
6.887928856950558838e+03
6.799000000036153324e+03
6.938950380202617453e+03
6.814956834554418492e+03
6.761000000022083441e+03
6.716992396966582419e+03
6.697869704303598155e+03
6.535000000067102519e+03
6.606010804310572894e+03
6.632960031995105055e+03
6.583000000020720108e+03
6.703969187707094534e+03
6.627121502734466958e+03
6.778999999936597305e+03
6.789977190900212918e+03
6.733014388481664355e+03
6.750999999992443009e+03
6.728963185312874884e+03
6.636944844153808845e+03
6.568000000029157491e+03
6.573999599840360133e+03
6.573080735368786918e+03
6.673999999957044565e+03
6.609027210855329940e+03
6.677011191041179700e+03
6.690999999994007339e+03
6.780027210855144403e+03
6.847928057592661389e+03
6.758000000038768121e+03
6.684979591858781532e+03
6.633920063992118230e+03
6.534000000043348336e+03
6.593994397765193753e+03
6.579950439675282723e+03
6.518000000027044734e+03
6.647991596647848382e+03
6.627115907210637488e+03
6.771999999936354470e+03
6.810011604629083195e+03
6.838866506868203032e+03
6.672000000073757292e+03
6.643950780366638355e+03
6.521029576322513094e+03
6.557999999983557245e+03
6.566003601436563258e+03
6.574996003199674306e+03
6.570000000002235538e+03
6.557039615801921173e+03
6.655988808959125890e+03
6.642000000006297341e+03
6.786972388986728220e+03
6.718040767363046143e+03
6.768999999976918843e+03
6.735011604628687564e+03
6.763883293431676975e+03
6.618000000066473149e+03
6.569028811491716624e+03
6.641038369282605345e+03
6.688999999978014785e+03
6.690029211651124569e+03
6.763029576321907371e+03
6.799999999982952431e+03
6.845038815481366328e+03
6.941899280633847411e+03
6.816000000058397745e+03
6.851909563930628792e+03
6.626011191040645826e+03
6.639999999993473466e+03
6.608974789945435987e+03
6.546092725765031901e+03
6.661999999945604941e+03
6.563017206862521562e+03
6.605960031997967235e+03
6.556000000023582288e+03
6.711990796329411751e+03
6.688976019198862559e+03
6.659000000014230864e+03
6.606963985637074074e+03
6.517057553922533771e+03
6.588999999965648385e+03
6.432048819469411683e+03
6.553984012799350239e+03
6.534000000009596988e+03
6.514054421703234766e+03
6.650067945602528198e+03
6.734999999958982698e+03
6.836989595850923251e+03
6.810959232638621870e+03
6.760000000024749170e+03
6.674975190106216360e+03
6.612905675517134114e+03
6.495000000057584657e+03
6.451014805904253990e+03
6.487946442878554990e+03
6.421000000032879143e+03
6.443700908025151875e+03
6.466401816061452337e+03
6.489102724097752798e+03
6.511803632134053260e+03
6.534504540170353721e+03
6.557205448206654182e+03
6.579906356242954644e+03
6.602607264279256015e+03
6.625308172315556476e+03
6.647986794734404612e+03
6.615031993581230381e+03
6.655023995180876227e+03
6.695029211647936791e+03
6.768024780160246337e+03
6.798999999984364877e+03
6.785011604627183260e+03
6.813868105599141018e+03
6.649000000083669875e+03
6.632977190905347015e+03
6.575924060799764447e+03
6.481000000048432412e+03
6.574013605424787784e+03
6.607979216640006598e+03
6.582000000013325916e+03
6.572027210849390030e+03
6.640051159039810045e+03
6.703999999967022632e+03
6.735023209253733512e+03
6.792951239040347900e+03
6.732000000031597665e+03
6.645980392182324977e+03
6.597022382079763702e+03
6.624999999985419890e+03
6.701998799521375076e+03
6.698952038400669153e+03
6.639000000031406671e+03
6.783985594256598233e+03
6.748059152638973501e+03
6.821999999961062713e+03
6.789074829833270996e+03
6.975826538883603462e+03
6.759000000114771865e+03
6.826929972081641608e+03
6.651988009600289843e+03
6.637000000007974450e+03
6.649004401754838000e+03
6.660025579519294297e+03
6.691999999982900590e+03
6.628045218026665680e+03
6.740994404480173216e+03
6.734000000003759851e+03
6.772987995214240982e+03
6.743151079034801114e+03
6.931999999897976522e+03
6.697931172562120082e+03
6.526015187839425380e+03
6.544999999989691787e+03
6.645999599840480187e+03
6.644956035201812483e+03
6.590000000029989678e+03
6.652035214037504375e+03
6.740003996799821834e+03
6.744999999997259692e+03
6.820017607018632589e+03
6.863899280644840474e+03
6.738000000069389898e+03
6.699970788355650257e+03
6.626988009600617261e+03
6.612000000008301868e+03
6.543008403349686887e+03
6.564037569917938526e+03
6.610999999973860213e+03
6.675022809091852650e+03
6.732052757756924620e+03
6.797999999963112714e+03
6.779022809091697127e+03
6.835993605120394932e+03
6.828000000004492904e+03
6.782975190110954827e+03
6.720911271045776630e+03
6.610000000062642357e+03
6.566003201275983884e+03
6.574033573117699234e+03
6.615999999976183062e+03
6.705998399362018972e+03
6.702121502711260291e+03
6.853999999913390639e+03
6.861021608612596538e+03
6.914962430082830906e+03
6.868000000026908310e+03
6.840920768421018693e+03
6.643010391679181339e+03
6.655999999992522135e+03
6.690993997607693927e+03
6.675989602087092862e+03
6.662992201567208213e+03
6.650023209250091895e+03
6.708065547514391255e+03
6.789999999952382495e+03
6.889995198086220626e+03
6.877964028803200563e+03
6.833000000026254384e+03
6.729006802711141063e+03
6.745963229443397722e+03
6.700000000026962880e+03
6.750952381022337249e+03
6.632003197439693395e+03
6.635999999997644409e+03
6.749996600684880832e+03
6.741498300344956078e+03
6.733000000005031325e+03
6.663060824239545582e+03
6.814939248646234773e+03
6.739000000045169145e+03
6.645997198883724195e+03
6.639007194239236924e+03
6.647999999994626705e+03
6.608986794737646960e+03
6.576000000000000000e+03
6.576000000000000000e+03
6.621027611002912636e+03
6.690027977596842902e+03
6.724999999978912456e+03
6.867002801116218507e+03
6.873923261448921949e+03
6.778000000058103069e+03
6.671980392186604149e+03
6.622968025603826391e+03
6.583000000024318979e+03
6.609976790751649787e+03
6.552017585917835277e+03
6.573999999986564944e+03
6.580032813075030390e+03
6.662047961593932996e+03
6.721999999963194568e+03
6.894993197289369164e+03
6.877981614722388258e+03
6.855000000014171746e+03
6.644988002418045653e+03
6.614994001218311496e+03
6.585000000018577339e+03
6.559001200478330247e+03
6.562029576315955637e+03
6.598999999977000698e+03
6.625017206855948643e+03
6.668032773755407106e+03
6.708999999974403181e+03
6.807985994419672352e+03
6.773021582716901321e+03
6.799999999983069756e+03
6.683970388201793867e+03
6.610007993598825124e+03
6.619999999993702659e+03
6.662998399362269993e+03
6.659031974395192265e+03
6.698999999974699676e+03
6.783972789158776322e+03
6.716106314863650368e+03
6.848999999915514309e+03
6.903964385810994827e+03
6.815010391678366432e+03
6.827999999991706318e+03
6.960925970506505109e+03
6.775971223044622093e+03
6.740000000023064786e+03
6.739006402550745406e+03
6.754991207041442067e+03
6.744000000007077688e+03
6.694013605420240310e+03
6.728031974394646568e+03
6.767999999974154889e+03
6.845020007970805636e+03
6.894984012802730831e+03
6.875000000012977580e+03
6.707974789956957466e+03
6.645019983996518022e+03
6.669999999983710040e+03
6.702979992029468121e+03
6.653018385276734080e+03
6.675999999984950591e+03
6.679008403347565945e+03
6.699996802560578544e+03
6.696000000002628440e+03
6.822042416896950272e+03
6.927879296662267734e+03
6.777000000099624231e+03
6.779921568757118621e+03
6.583991201766932136e+03
6.572993401327029460e+03
6.561988395377407869e+03
6.533064748147613500e+03
6.613999999946116986e+03
6.567030412114171668e+03
6.642980815363735928e+03
6.619000000016030754e+03
6.753002000796971515e+03
6.758091127021945795e+03
6.871999999923543328e+03
6.712949579916666153e+03
6.587031175033716863e+03
6.625999999973737431e+03
6.727004401753277307e+03
6.737980403935774120e+03
6.713485302955990846e+03
6.688971988842974497e+03
6.619159871966689934e+03
6.818999999864229721e+03
6.814996398565549498e+03
6.805988808962370058e+03
6.792000000009542418e+03
6.720947579121138915e+03
6.590050359669164209e+03
6.652999999956889042e+03
6.632973189321681275e+03
6.565984812163319475e+03
6.547000000013053977e+03
6.669000800318750407e+03
6.671071942384029171e+03
6.760999999937922439e+03
6.828969988047068000e+03
6.754039967990990590e+03
6.803999999965375537e+03
6.661989996015757242e+03
6.636972821766218658e+03
6.603000000023636858e+03
6.552011204462275600e+03
6.580055955187005566e+03
6.649999999951144673e+03
6.729992797131443695e+03
6.711980016004708887e+03
6.687000000017516868e+03
6.790001600637446245e+03
6.793914468500446674e+03
6.687000000075262506e+03
6.678973989641678600e+03
6.613947242252791511e+03
6.548000000046603418e+03
6.551018407330378977e+03
6.597123101409732953e+03
6.750999999890838808e+03
6.710987595060047170e+03
6.680066346863461149e+03
6.762999999940940143e+03
6.908005202071557505e+03
6.920948041613129135e+03
6.856000000046428795e+03
6.774961184543257332e+03
6.677993605121637302e+03
6.670000000005736183e+03
6.685016406533150985e+03
6.726011990396887995e+03
6.740999999989203388e+03
6.804008403346190789e+03
6.824981614724833889e+03
6.802000000016616468e+03
6.975995998406603576e+03
6.965968824968303124e+03
6.927000000028282557e+03
6.830925970522665011e+03
6.645990407682587829e+03
6.634000000008734787e+03
6.641021208444713920e+03
6.693911271064236644e+03
6.583000000081102371e+03
6.657010404142618427e+03
6.683076738538776226e+03
6.778999999929596015e+03
6.813094437601586833e+03
7.048924060821261264e+03
6.954000000069929229e+03
6.845950780402898090e+03
6.722973621127475781e+03
6.690000000024381734e+03
6.663996798725414010e+03
6.656011990396561487e+03
6.670999999988876880e+03
6.645023209240593133e+03
6.703045066624745232e+03
6.759378399958027330e+03
6.815711733291309429e+03
6.871925066736625922e+03
6.778258400070044445e+03
6.684591733403462968e+03
6.591079136616493997e+03
6.689999999925776137e+03
6.667033613382240219e+03
6.750880096036024042e+03
6.601000000112869202e+03
6.692027210833056415e+03
6.760000799359757366e+03
6.760999999999245119e+03
6.808988795539406055e+03
6.780984012804912709e+03
6.761000000015158548e+03
6.697975190123140237e+03
6.635993605121986548e+03
6.628000000006085429e+03
6.634022809080183833e+03
6.691016596664829194e+03
6.711762447494645130e+03
6.732508298324461975e+03
6.753254149154277911e+03
6.773999999984093847e+03
6.828018007168319855e+03
6.872914468507447054e+03
6.766000000082263796e+03
6.698966786778658388e+03
6.616018385274037428e+03
6.638999999982254849e+03
6.603034813858277630e+03
6.689986410884453107e+03
6.673000000013162207e+03
6.635023209238693198e+03
6.693062350059353776e+03
6.770999999939394002e+03
6.772062424848473711e+03
6.927957633934173828e+03
6.875000000041325620e+03
6.718980392195164313e+03
6.669987210244322341e+03
6.654000000012519195e+03
6.586020007963981698e+03
6.635987210244365997e+03
6.620000000012562850e+03
6.585033613379259805e+03
6.669054356461258976e+03
6.736999999946422577e+03
6.747044817838706877e+03
6.858899280675069349e+03
6.733000000099618774e+03
6.647945578339084022e+03
6.512044764144260625e+03
6.567999999955572093e+03
6.577989996018282000e+03
6.553051958381553959e+03
6.617999999948255208e+03
6.768970388214317609e+03
6.695026378870545159e+03
6.727999999973639206e+03
6.861010003981581576e+03
6.885912869791526646e+03
6.777000000087366971e+03
6.669016806688941870e+03
6.710974420489343174e+03
6.679000000025735972e+03
6.646016406529569394e+03
6.687062350057014555e+03
6.764999999937054781e+03
6.769988395381603368e+03
6.741028776949293388e+03
6.776999999970850695e+03
6.851990796337196116e+03
6.828976818568704402e+03
6.800000000023560460e+03
6.675029611784470944e+03
6.748968824971811955e+03
6.710000000031791387e+03
6.659982392993137182e+03
6.616048760941358523e+03
6.676999999950108759e+03
6.739971188534421344e+03
6.668080735328860101e+03
6.768999999917117748e+03
6.811975190127031965e+03
6.749975219849642599e+03
6.719000000025524059e+03
6.689963185350041385e+03
6.597960831375375164e+03
6.549000000040477062e+03
6.558020408121034052e+03
6.609023980790505448e+03
6.638999999975136234e+03
6.542044417674887882e+03
6.653120703311797115e+03
6.803999999874439709e+03
6.929958783599258823e+03
6.827041566703258468e+03
6.878999999956618922e+03
6.772987595063938898e+03
6.741929656348571370e+03
6.654000000073653609e+03
6.664014005572876158e+03
6.699041566702974706e+03
6.750999999956335159e+03
6.738004001592223176e+03
6.748067146212269108e+03
6.831999999929235855e+03
6.980969587899312501e+03
6.904973621130984611e+03
6.872000000027889655e+03
6.823970788377169811e+03
6.750985611526040884e+03
6.733000000015262231e+03
6.688010404139567072e+03
6.713929656349770994e+03
6.626000000074853233e+03
6.692042817035618100e+03
6.799052757737491447e+03
6.864999999943680450e+03
6.945006402547338439e+03
6.960933653148532358e+03
6.878000000071053364e+03
6.828979992039703575e+03
6.779008792956188699e+03
6.789999999990553079e+03
6.733017206845737746e+03
6.775989608324539404e+03
6.763000000011199518e+03
6.793991196497589954e+03
6.772049560298180040e+03
6.833999999946417120e+03
6.846971188537762828e+03
6.774984812166738266e+03
6.756000000016472768e+03
6.748957983284523834e+03
6.643986410886075646e+03
6.627000000014784746e+03
6.618012004775768219e+03
6.647992006403601408e+03
6.638000000008723873e+03
6.671996798726483576e+03
6.664043165420406694e+03
6.717999999952742655e+03
6.782018007163406764e+03
6.826924060834729062e+03
6.732000000083397936e+03
6.691960784399959266e+03
6.594019983990792753e+03
6.618999999977984771e+03
6.584032012734509408e+03
6.664015987192579814e+03
6.683999999982333975e+03
6.632048419260614537e+03
6.753051159016080419e+03
6.816999999943293005e+03
6.887984393792139599e+03
6.848991207044141447e+03
6.838000000009776159e+03
6.750987995224804763e+03
6.720922462116782299e+03
6.624000000086475666e+03
6.682010804297601680e+03
6.708900879407358843e+03
6.585000000110883775e+03
6.614053621328474037e+03
6.748015187832691481e+03
6.766999999982957888e+03
6.801002400954989753e+03
6.806932853792540300e+03
6.723000000075573553e+03
6.672978391405238654e+03
6.618992805763510660e+03
6.610000000008121788e+03
6.716967587108078078e+03
6.636055955172501854e+03
6.705999999936640961e+03
6.601039215597365910e+03
6.699095123792928462e+03
6.817999999891964762e+03
6.810988395384531941e+03
6.781963229458321621e+03
6.736000000041886778e+03
6.693972389018557806e+03
6.624943245468472014e+03
6.554000000064845153e+03
6.624012404933606376e+03
6.654968824975745520e+03
6.616000000035725861e+03
6.550055221962131327e+03
6.688071143003824545e+03
6.776999999918230060e+03
6.812004801909717571e+03
6.824034372462404463e+03
6.866999999960376044e+03
6.762984793952664404e+03
6.724960831380183663e+03
6.676000000045286470e+03
6.706981192520528566e+03
6.659982414089122358e+03
6.638000000020392690e+03
6.635018807479343195e+03
6.682015187832070296e+03
6.700999999982336703e+03
6.752027610980123427e+03
6.820930455716548749e+03
6.734000000081118742e+03
6.663979992043525272e+03
6.613972022414798630e+03
6.579000000032729076e+03
6.617004001591267297e+03
6.626962430100001257e+03
6.580000000044078661e+03
6.677979992043798120e+03
6.628154276397342983e+03
6.820999999818469405e+03
6.806054421640498731e+03
6.941893685177323277e+03
6.809000000125459337e+03
6.832963185361090837e+03
6.740907274290312671e+03
6.625000000109738721e+03
6.620023609387835677e+03
6.678995203842619048e+03
6.673000000005692527e+03
6.701011204455166990e+03
6.729119903934122704e+03
6.878999999857278453e+03
7.001966786793836945e+03
6.918906474931703087e+03
6.802000000111642294e+03
6.750980392203724477e+03
6.702024780146216472e+03
6.732999999970335011e+03
6.668987194908641868e+03
6.636955235865051691e+03
6.581000000053741132e+03
6.846955982498757294e+03
6.737108712898788326e+03
6.872999999869115527e+03
6.820028411296062586e+03
6.890920863404828197e+03
6.792000000095546056e+03
6.742969587908647554e+03
6.666944844191431912e+03
6.598000000066780558e+03
6.665985994431709514e+03
6.631043165415253497e+03
6.684999999947589458e+03
6.713019607795473348e+03
6.761960831382588367e+03
6.713000000047691174e+03
6.820998799522734771e+03
6.817952837787359385e+03
6.759000000057584657e+03
6.684977991250279956e+03
6.629975219854460192e+03
6.599000000030340743e+03
6.603974389818681630e+03
6.540030375662171537e+03
6.577999999962704351e+03
6.522068427202742896e+03
6.693035971178765067e+03
6.737999999955711246e+03
6.678065225929654844e+03
6.840945643552274305e+03
6.773000000067110705e+03
6.674971988864755986e+03
6.604967226259571362e+03
6.564000000040575287e+03
6.582012805090309485e+03
6.613976818573922174e+03
6.585000000028779141e+03
6.702014005567431013e+03
6.737046362851997401e+03
6.794999999942284376e+03
6.901009203658534716e+03
6.923921662767581438e+03
6.826000000097787051e+03
6.809014805885367423e+03
6.845948041631736487e+03
6.781000000065036147e+03
6.697009203658409206e+03
6.720033573099378373e+03
6.761999999957862201e+03
6.828989195705419661e+03
6.802083932748160805e+03
6.906999999894369466e+03
6.913973989661372798e+03
6.848982414090921338e+03
6.827000000022191671e+03
6.757980392206399301e+03
6.708982414090981365e+03
6.687000000022251697e+03
6.684978791570331850e+03
6.632021582706449408e+03
6.658999999972616934e+03
6.761989996023809908e+03
6.737012789751925993e+03
6.752999999983729140e+03
6.775995198091461134e+03
6.763992805764565674e+03
6.755000000009176802e+03
6.659002400954253062e+03
6.664955235868563250e+03
6.609000000057252691e+03
6.611009603816945855e+03
6.634976818574870777e+03
6.606000000029727744e+03
6.572056822583210305e+03
6.714098321216591103e+03
6.836999999873578417e+03
6.823028411291411430e+03
6.893972821777620084e+03
6.860000000035038283e+03
6.698976390617157449e+03
6.639981614731982518e+03
6.617000000023765097e+03
6.593008803498627458e+03
6.614991207045760348e+03
6.604000000011395969e+03
6.655008003180515516e+03
6.675072741712095194e+03
6.765999999905476216e+03
6.793042817015466426e+03
6.899897681987730721e+03
6.772000000133305548e+03
6.752941576783033270e+03
6.606993605124254827e+03
6.599000000008353709e+03
6.661975990458944580e+03
6.602008792954119599e+03
6.612999999988483978e+03
6.530038015106411876e+03
6.625037569894745502e+03
6.671999999950667188e+03
6.732017206837521371e+03
6.774971223059442309e+03
6.739000000037885002e+03
6.656002400954056611e+03
6.661918465335363180e+03
6.560000000107617780e+03
6.602997599045959760e+03
6.597020783345817108e+03
6.622999999972496880e+03
6.640044017490433362e+03
6.750021582705197943e+03
6.776999999971365469e+03
6.806996798727990608e+03
6.798958433308649546e+03
6.747000000055289092e+03
6.690953981715174450e+03
6.575991207046090494e+03
6.565000000011726115e+03
6.609011204451880985e+03
6.636978417295023064e+03
6.610000000028855538e+03
6.645024809857567561e+03
6.707062350036387215e+03
6.784999999916428351e+03
6.815007202861825135e+03
6.833015187829324532e+03
6.851999999979590939e+03
6.760977991255684174e+03
6.706008792953789452e+03
6.716999999988153832e+03
6.751002801112893394e+03
6.757972022419856330e+03
6.723000000037786776e+03
6.846954381876040316e+03
6.733075939145845950e+03
6.827999999897177076e+03
6.868053621303236469e+03
7.001980016014319517e+03
6.977000000027126589e+03
6.814012004769298983e+03
6.843916067260426644e+03
6.739000000114218892e+03
6.773977591097460390e+03
6.718068744910272471e+03
6.803999999906214725e+03
6.777948779651688710e+03
6.650116706475181672e+03
6.795999999840385499e+03
6.825004001589684776e+03
6.834924060855449170e+03
6.740000000104117134e+03
6.665988395389994366e+03
6.636931255090430568e+03
6.551000000094488314e+03
6.580001200476888698e+03
6.582939248684773702e+03
6.507000000083708073e+03
6.543066826546364609e+03
6.710068744909100133e+03
6.795999999905043296e+03
6.913005202066447964e+03
6.925916866621836562e+03
6.822000000115115654e+03
6.806982793164943359e+03
6.763952038435838404e+03
6.704000000066575922e+03
6.718992396979910154e+03
6.700025579500798813e+03
6.731999999964405106e+03
6.791039615735985535e+03
6.890109512237421768e+03
7.026999999847236722e+03
7.069966386648484331e+03
6.985959232670879828e+03
6.935000000057007128e+03
6.841978791575973446e+03
6.788988808968514604e+03
6.775000000015686965e+03
6.797029611761645356e+03
6.871019983984726423e+03
6.895999999971919351e+03
6.857007202860891994e+03
6.875112709673473546e+03
7.015999999841239514e+03
6.966999599841064082e+03
6.965973621140340583e+03
6.933000000037246537e+03
6.826973989669357252e+03
6.761968824984145613e+03
6.723000000044125045e+03
6.769945978544417812e+03
6.635118305187967053e+03
6.782999999832147296e+03
6.780001600635710020e+03
6.784063948750034797e+03
6.863999999909050530e+03
6.950981192530534827e+03
6.903951239078264734e+03
6.843000000069515409e+03
6.716008403337363234e+03
6.736919264703632507e+03
6.636000000115374860e+03
6.677999199682160906e+03
6.676000799359367193e+03
6.676999999998854946e+03
6.654040416050575914e+03
6.755007993593645551e+03
6.764999999988522177e+03
6.868993997616292290e+03
6.853991207047019998e+03
6.843000000012655619e+03
6.716957983314330704e+03
6.612013589109104032e+03
6.628999999980394932e+03
6.555036014301756040e+03
6.645005595515494861e+03
6.651999999991908226e+03
6.738011204449358956e+03
6.766037569889620499e+03
6.812999999945542186e+03
6.923981992849367089e+03
6.878910471752699777e+03
6.767000000130077751e+03
6.735998399364399120e+03
6.731892885847345497e+03
6.598000000155993803e+03
6.646999199682205472e+03
6.645023980780363672e+03
6.674999999964994458e+03
6.737977591101893267e+03
6.682109512229952088e+03
6.818999999839767042e+03
6.879006802701164816e+03
6.895939248690160639e+03
6.820000000089095920e+03
6.691980792373313307e+03
6.644006394874698344e+03
6.651999999990599463e+03
6.720991196504495747e+03
6.698907274317193696e+03
6.583000000136620656e+03
6.679049219542712308e+03
6.801977617938709045e+03
6.774000000033053766e+03
6.931000000000000000e+03
6.930904076880509820e+03
6.811000000141985765e+03
6.770001200476634949e+03
6.772940048050522819e+03
6.698000000088945853e+03
6.655023209214788039e+03
6.712951239081258791e+03
6.652000000072508556e+03
6.721042016681656605e+03
6.826000799359320808e+03
6.826999999998808562e+03
6.856008003177404134e+03
6.875909672397046052e+03
6.763000000134935362e+03
6.817947179029495601e+03
6.685963229471489285e+03
6.640000000055055352e+03
6.706981192533357898e+03
6.659996003203435976e+03
6.655000000005998118e+03
6.697024809849443955e+03
6.759070343619279811e+03
6.846999999894197572e+03
6.794043617315660413e+03
6.903000000000000000e+03
6.903000000000000000e+03
6.823971588721185071e+03
6.752946442926595410e+03
6.686000000080919563e+03
6.740010404130199277e+03
6.765996003203490545e+03
6.761000000006052687e+03
6.868028811437277909e+03
6.940036770527758563e+03
6.985999999944192496e+03
6.951000800317696303e+03
6.952984812173369392e+03
6.934000000023102984e+03
6.804999199682309154e+03
6.802961630753905411e+03
6.755000000058495971e+03
6.765003201270743375e+03
6.773023980778727491e+03
6.802999999963358277e+03
6.837004001588401479e+03
6.846987210251389115e+03
6.831000000019585968e+03
6.963002400953024335e+03
6.968852118532189706e+03
6.784000000226964403e+03
6.832973989675743724e+03
6.767923261508857649e+03
6.672000000118037860e+03
6.712979591899569641e+03
6.662012789748479918e+03
6.677999999980283064e+03
6.679020408100291206e+03
6.730067945538568893e+03
6.814999999895023393e+03
6.880988395394030704e+03
6.852003197437098606e+03
6.855999999995048711e+03
6.828967987294096929e+03
6.749007993592717867e+03
6.758999999987595402e+03
6.855010804288168401e+03
6.882075139771295653e+03
6.975999999883139935e+03
7.049950780465345815e+03
6.927095923111965021e+03
7.046999999850489985e+03
7.019978391423957873e+03
6.965949640366389758e+03
6.903000000078664925e+03
6.864977991265292076e+03
6.809998401281478436e+03
6.808000000002502929e+03
6.860008003176202692e+03
6.880071942333237530e+03
6.969999999887130798e+03
6.958013205240644311e+03
6.991011990388831691e+03
7.005999999981147994e+03
7.002007202858484561e+03
7.019858513412264074e+03
6.843000000222940798e+03
6.797998399364792022e+03
6.793964828192999448e+03
6.750000000055540113e+03
6.788014005557973178e+03
6.823019184621934983e+03
6.846999999969640157e+03
6.889983193330547692e+03
6.848098321187081638e+03
6.970999999844068952e+03
7.036984393807043489e+03
6.997964028834117016e+03
6.953000000057170837e+03
6.878006002381865073e+03
6.892925659590761825e+03
6.800000000118406206e+03
6.840978391425431255e+03
6.786990407689163476e+03
6.775000000015311343e+03
6.771014405716280635e+03
6.807053557068655209e+03
6.873999999914331056e+03
6.949991996824343005e+03
6.929966426912300449e+03
6.888000000053817530e+03
6.864978791584653663e+03
6.811953637164763677e+03
6.754000000074476702e+03
6.747982793172572201e+03
6.705042366038950604e+03
6.757999999931798811e+03
6.816008803493042251e+03
6.838076738485384340e+03
6.933999999876204129e+03
6.876992797142105701e+03
6.858973621145739344e+03
6.826000000042644388e+03
6.743968387457233803e+03
6.665043165397734811e+03
6.718999999930070771e+03
6.724963585552251971e+03
6.634099120542608034e+03
6.757999999839083102e+03
6.731007603016510984e+03
6.750051958348770313e+03
6.814999999915470653e+03
6.862006402540176168e+03
6.877986410893445282e+03
6.861000000022154381e+03
6.810969587934370793e+03
6.735039967960319700e+03
6.784999999934704647e+03
6.708016006350221687e+03
6.747965627554242019e+03
6.705000000056271347e+03
6.820010804286325765e+03
6.846985611534382770e+03
6.829000000023604116e+03
6.915012404921252710e+03
6.945990407689620952e+03
6.934000000015768819e+03
6.842983593491358079e+03
6.801948841011488184e+03
6.738000000084275598e+03
6.826991996825106980e+03
6.807003197436771188e+03
6.810999999994722202e+03
6.781020007937095215e+03
6.831019983979751487e+03
6.855999999966943506e+03
6.923018007143262366e+03
6.967980016020316725e+03
6.943000000033124707e+03
6.834934774125959848e+03
6.672059951938844279e+03
6.746999999900422154e+03
6.669994797936461509e+03
6.657043964755002889e+03
6.711999999926825694e+03
6.722040816190559781e+03
6.824002398077537691e+03
6.826999999996000952e+03
6.811061224285422213e+03
6.963868905095068840e+03
6.800000000219085450e+03
6.784977190952645287e+03
6.727977617943136465e+03
6.700000000037481186e+03
6.686036014285051351e+03
6.775932853829639498e+03
6.692000000112672751e+03
6.799016806666242701e+03
6.841026378852551716e+03
6.873999999955645762e+03
6.955003201269738383e+03
6.962951239090903982e+03
6.902000000082154656e+03
6.840998399365141267e+03
6.836927258316187363e+03
6.746000000122806341e+03
6.825018996136571332e+03
6.872509498036150944e+03
6.919999999935729647e+03
6.846059223488953648e+03
6.993980815380224158e+03
6.970000000032518983e+03
6.982983993651743731e+03
6.943120703232344567e+03
7.093999999794987161e+03
6.864992797143333519e+03
6.846988808971873368e+03
6.833000000019045729e+03
6.860009203650121890e+03
6.882972022429779827e+03
6.848000000047710273e+03
6.918013205237041802e+03
6.951014388464635886e+03
6.968999999975414539e+03
7.027998399365217665e+03
7.024000799359143457e+03
7.024999999998631210e+03
6.958962785241572419e+03
6.865974420507489413e+03
6.834000000043882210e+03
6.858001600634760507e+03
