1.897041699999999992e+03
1.897125033333333249e+03
1.897208366666666507e+03
1.897291699999999764e+03
1.897375033333333022e+03
1.897458366666666279e+03
1.897541699999999537e+03
1.897625033333332794e+03
1.897708366666666052e+03
1.897791699999999310e+03
1.897875033333332567e+03
1.897958366666665825e+03
1.898041699999999082e+03
1.898125033333332340e+03
1.898208366666665597e+03
1.898291699999998855e+03
1.898375033333332112e+03
1.898458366666665370e+03
1.898541699999998627e+03
1.898625033333331885e+03
1.898708366666665142e+03
1.898791699999998400e+03
1.898875033333331658e+03
1.898958366666664915e+03
1.899041699999998173e+03
1.899125033333331430e+03
1.899208366666664688e+03
1.899291699999997945e+03
1.899375033333331203e+03
1.899458366666664460e+03
1.899541699999997718e+03
1.899625033333330975e+03
1.899708366666664233e+03
1.899791699999997491e+03
1.899875033333330748e+03
1.899958366666664006e+03
1.900041699999997263e+03
1.900125033333330521e+03
1.900208366666663778e+03
1.900291699999997036e+03
1.900375033333330293e+03
1.900458366666663551e+03
1.900541699999996808e+03
1.900625033333330066e+03
1.900708366666663323e+03
1.900791699999996581e+03
1.900875033333329839e+03
1.900958366666663096e+03
1.901041699999996354e+03
1.901125033333329611e+03
1.901208366666662869e+03
1.901291699999996126e+03
1.901375033333329384e+03
1.901458366666662641e+03
1.901541699999995899e+03
1.901625033333329156e+03
1.901708366666662414e+03
1.901791699999995672e+03
1.901875033333328929e+03
1.901958366666662187e+03
1.902041699999995444e+03
1.902125033333328702e+03
1.902208366666661959e+03
1.902291699999995217e+03
1.902375033333328474e+03
1.902458366666661732e+03
1.902541699999994989e+03
1.902625033333328247e+03
1.902708366666661504e+03
1.902791699999994762e+03
1.902875033333328020e+03
1.902958366666661277e+03
1.903041699999994535e+03
1.903125033333327792e+03
1.903208366666661050e+03
1.903291699999994307e+03
1.903375033333327565e+03
1.903458366666660822e+03
1.903541699999994080e+03
1.903625033333327337e+03
1.903708366666660595e+03
1.903791699999993853e+03
1.903875033333327110e+03
1.903958366666660368e+03
1.904041699999993625e+03
1.904125033333326883e+03
1.904208366666660140e+03
1.904291699999993398e+03
1.904375033333326655e+03
1.904458366666659913e+03
1.904541699999993170e+03
1.904625033333326428e+03
1.904708366666659686e+03
1.904791699999992943e+03
1.904875033333326201e+03
1.904958366666659458e+03
1.905041699999992716e+03
1.905125033333325973e+03
1.905208366666659231e+03
1.905291699999992488e+03
1.905375033333325746e+03
1.905458366666659003e+03
1.905541699999992261e+03
1.905625033333325518e+03
1.905708366666658776e+03
1.905791699999992034e+03
1.905875033333325291e+03
1.905958366666658549e+03
1.906041699999991806e+03
1.906125033333325064e+03
1.906208366666658321e+03
1.906291699999991579e+03
1.906375033333324836e+03
1.906458366666658094e+03
1.906541699999991351e+03
1.906625033333324609e+03
1.906708366666657867e+03
1.906791699999991124e+03
1.906875033333324382e+03
1.906958366666657639e+03
1.907041699999990897e+03
1.907125033333324154e+03
1.907208366666657412e+03
1.907291699999990669e+03
1.907375033333323927e+03
1.907458366666657184e+03
1.907541699999990442e+03
1.907625033333323699e+03
1.907708366666656957e+03
1.907791699999990215e+03
1.907875033333323472e+03
1.907958366666656730e+03
1.908041699999989987e+03
1.908125033333323245e+03
1.908208366666656502e+03
1.908291699999989760e+03
1.908375033333323017e+03
1.908458366666656275e+03
1.908541699999989532e+03
1.908625033333322790e+03
1.908708366666656048e+03
1.908791699999989305e+03
1.908875033333322563e+03
1.908958366666655820e+03
1.909041699999989078e+03
1.909125033333322335e+03
1.909208366666655593e+03
1.909291699999988850e+03
1.909375033333322108e+03
1.909458366666655365e+03
1.909541699999988623e+03
1.909625033333321880e+03
1.909708366666655138e+03
1.909791699999988396e+03
1.909875033333321653e+03
1.909958366666654911e+03
1.910041699999988168e+03
1.910125033333321426e+03
1.910208366666654683e+03
1.910291699999987941e+03
1.910375033333321198e+03
1.910458366666654456e+03
1.910541699999987713e+03
1.910625033333320971e+03
1.910708366666654229e+03
1.910791699999987486e+03
1.910875033333320744e+03
1.910958366666654001e+03
1.911041699999987259e+03
1.911125033333320516e+03
1.911208366666653774e+03
1.911291699999987031e+03
1.911375033333320289e+03
1.911458366666653546e+03
1.911541699999986804e+03
1.911625033333320062e+03
1.911708366666653319e+03
1.911791699999986577e+03
1.911875033333319834e+03
1.911958366666653092e+03
1.912041699999986349e+03
1.912125033333319607e+03
1.912208366666652864e+03
1.912291699999986122e+03
1.912375033333319379e+03
1.912458366666652637e+03
1.912541699999985894e+03
1.912625033333319152e+03
1.912708366666652410e+03
1.912791699999985667e+03
1.912875033333318925e+03
1.912958366666652182e+03
1.913041699999985440e+03
1.913125033333318697e+03
1.913208366666651955e+03
1.913291699999985212e+03
1.913375033333318470e+03
1.913458366666651727e+03
1.913541699999984985e+03
1.913625033333318243e+03
1.913708366666651500e+03
1.913791699999984758e+03
1.913875033333318015e+03
1.913958366666651273e+03
1.914041699999984530e+03
1.914125033333317788e+03
1.914208366666651045e+03
1.914291699999984303e+03
1.914375033333317560e+03
1.914458366666650818e+03
1.914541699999984075e+03
1.914625033333317333e+03
1.914708366666650591e+03
1.914791699999983848e+03
1.914875033333317106e+03
1.914958366666650363e+03
1.915041699999983621e+03
1.915125033333316878e+03
1.915208366666650136e+03
1.915291699999983393e+03
1.915375033333316651e+03
1.915458366666649908e+03
1.915541699999983166e+03
1.915625033333316424e+03
1.915708366666649681e+03
1.915791699999982939e+03
1.915875033333316196e+03
1.915958366666649454e+03
1.916041699999982711e+03
1.916125033333315969e+03
1.916208366666649226e+03
1.916291699999982484e+03
1.916375033333315741e+03
1.916458366666648999e+03
1.916541699999982256e+03
1.916625033333315514e+03
1.916708366666648772e+03
1.916791699999982029e+03
1.916875033333315287e+03
1.916958366666648544e+03
1.917041699999981802e+03
1.917125033333315059e+03
1.917208366666648317e+03
1.917291699999981574e+03
1.917375033333314832e+03
1.917458366666648089e+03
1.917541699999981347e+03
1.917625033333314605e+03
1.917708366666647862e+03
1.917791699999981120e+03
1.917875033333314377e+03
1.917958366666647635e+03
1.918041699999980892e+03
1.918125033333314150e+03
1.918208366666647407e+03
1.918291699999980665e+03
1.918375033333313922e+03
1.918458366666647180e+03
1.918541699999980437e+03
1.918625033333313695e+03
1.918708366666646953e+03
1.918791699999980210e+03
1.918875033333313468e+03
1.918958366666646725e+03
1.919041699999979983e+03
1.919125033333313240e+03
1.919208366666646498e+03
1.919291699999979755e+03
1.919375033333313013e+03
1.919458366666646270e+03
1.919541699999979528e+03
1.919625033333312786e+03
1.919708366666646043e+03
1.919791699999979301e+03
1.919875033333312558e+03
1.919958366666645816e+03
1.920041699999979073e+03
1.920125033333312331e+03
1.920208366666645588e+03
1.920291699999978846e+03
1.920375033333312103e+03
1.920458366666645361e+03
1.920541699999978619e+03
1.920625033333311876e+03
1.920708366666645134e+03
1.920791699999978391e+03
1.920875033333311649e+03
1.920958366666644906e+03
1.921041699999978164e+03
1.921125033333311421e+03
1.921208366666644679e+03
1.921291699999977936e+03
1.921375033333311194e+03
1.921458366666644451e+03
1.921541699999977709e+03
1.921625033333310967e+03
1.921708366666644224e+03
1.921791699999977482e+03
1.921875033333310739e+03
1.921958366666643997e+03
1.922041699999977254e+03
1.922125033333310512e+03
1.922208366666643769e+03
1.922291699999977027e+03
1.922375033333310284e+03
1.922458366666643542e+03
1.922541699999976800e+03
1.922625033333310057e+03
1.922708366666643315e+03
1.922791699999976572e+03
1.922875033333309830e+03
1.922958366666643087e+03
1.923041699999976345e+03
1.923125033333309602e+03
1.923208366666642860e+03
1.923291699999976117e+03
1.923375033333309375e+03
1.923458366666642632e+03
1.923541699999975890e+03
1.923625033333309148e+03
1.923708366666642405e+03
1.923791699999975663e+03
1.923875033333308920e+03
1.923958366666642178e+03
1.924041699999975435e+03
1.924125033333308693e+03
1.924208366666641950e+03
1.924291699999975208e+03
1.924375033333308465e+03
1.924458366666641723e+03
1.924541699999974981e+03
1.924625033333308238e+03
1.924708366666641496e+03
1.924791699999974753e+03
1.924875033333308011e+03
1.924958366666641268e+03
1.925041699999974526e+03
1.925125033333307783e+03
1.925208366666641041e+03
1.925291699999974298e+03
1.925375033333307556e+03
1.925458366666640813e+03
1.925541699999974071e+03
1.925625033333307329e+03
1.925708366666640586e+03
1.925791699999973844e+03
1.925875033333307101e+03
1.925958366666640359e+03
1.926041699999973616e+03
1.926125033333306874e+03
1.926208366666640131e+03
1.926291699999973389e+03
1.926375033333306646e+03
1.926458366666639904e+03
1.926541699999973162e+03
1.926625033333306419e+03
1.926708366666639677e+03
1.926791699999972934e+03
1.926875033333306192e+03
1.926958366666639449e+03
1.927041699999972707e+03
1.927125033333305964e+03
1.927208366666639222e+03
1.927291699999972479e+03
1.927375033333305737e+03
1.927458366666638995e+03
1.927541699999972252e+03
1.927625033333305510e+03
1.927708366666638767e+03
1.927791699999972025e+03
1.927875033333305282e+03
1.927958366666638540e+03
1.928041699999971797e+03
1.928125033333305055e+03
1.928208366666638312e+03
1.928291699999971570e+03
1.928375033333304827e+03
1.928458366666638085e+03
1.928541699999971343e+03
1.928625033333304600e+03
1.928708366666637858e+03
1.928791699999971115e+03
1.928875033333304373e+03
1.928958366666637630e+03
1.929041699999970888e+03
1.929125033333304145e+03
1.929208366666637403e+03
1.929291699999970660e+03
1.929375033333303918e+03
1.929458366666637176e+03
1.929541699999970433e+03
1.929625033333303691e+03
1.929708366666636948e+03
1.929791699999970206e+03
1.929875033333303463e+03
1.929958366666636721e+03
1.930041699999969978e+03
1.930125033333303236e+03
1.930208366666636493e+03
1.930291699999969751e+03
1.930375033333303008e+03
1.930458366666636266e+03
1.930541699999969524e+03
1.930625033333302781e+03
1.930708366666636039e+03
1.930791699999969296e+03
1.930875033333302554e+03
1.930958366666635811e+03
1.931041699999969069e+03
1.931125033333302326e+03
1.931208366666635584e+03
1.931291699999968841e+03
1.931375033333302099e+03
1.931458366666635357e+03
1.931541699999968614e+03
1.931625033333301872e+03
1.931708366666635129e+03
1.931791699999968387e+03
1.931875033333301644e+03
1.931958366666634902e+03
1.932041699999968159e+03
1.932125033333301417e+03
1.932208366666634674e+03
1.932291699999967932e+03
1.932375033333301189e+03
1.932458366666634447e+03
1.932541699999967705e+03
1.932625033333300962e+03
1.932708366666634220e+03
1.932791699999967477e+03
1.932875033333300735e+03
1.932958366666633992e+03
1.933041699999967250e+03
1.933125033333300507e+03
1.933208366666633765e+03
1.933291699999967022e+03
1.933375033333300280e+03
1.933458366666633538e+03
1.933541699999966795e+03
1.933625033333300053e+03
1.933708366666633310e+03
1.933791699999966568e+03
1.933875033333299825e+03
1.933958366666633083e+03
1.934041699999966340e+03
1.934125033333299598e+03
1.934208366666632855e+03
1.934291699999966113e+03
1.934375033333299370e+03
1.934458366666632628e+03
1.934541699999965886e+03
1.934625033333299143e+03
1.934708366666632401e+03
1.934791699999965658e+03
1.934875033333298916e+03
1.934958366666632173e+03
1.935041699999965431e+03
1.935125033333298688e+03
1.935208366666631946e+03
1.935291699999965203e+03
1.935375033333298461e+03
1.935458366666631719e+03
1.935541699999964976e+03
1.935625033333298234e+03
1.935708366666631491e+03
1.935791699999964749e+03
1.935875033333298006e+03
1.935958366666631264e+03
1.936041699999964521e+03
1.936125033333297779e+03
1.936208366666631036e+03
1.936291699999964294e+03
1.936375033333297552e+03
1.936458366666630809e+03
1.936541699999964067e+03
1.936625033333297324e+03
1.936708366666630582e+03
1.936791699999963839e+03
1.936875033333297097e+03
1.936958366666630354e+03
1.937041699999963612e+03
1.937125033333296869e+03
1.937208366666630127e+03
1.937291699999963384e+03
1.937375033333296642e+03
1.937458366666629900e+03
1.937541699999963157e+03
1.937625033333296415e+03
1.937708366666629672e+03
1.937791699999962930e+03
1.937875033333296187e+03
1.937958366666629445e+03
1.938041699999962702e+03
1.938125033333295960e+03
1.938208366666629217e+03
1.938291699999962475e+03
1.938375033333295733e+03
1.938458366666628990e+03
1.938541699999962248e+03
1.938625033333295505e+03
1.938708366666628763e+03
1.938791699999962020e+03
1.938875033333295278e+03
1.938958366666628535e+03
1.939041699999961793e+03
1.939125033333295050e+03
1.939208366666628308e+03
1.939291699999961565e+03
1.939375033333294823e+03
1.939458366666628081e+03
1.939541699999961338e+03
1.939625033333294596e+03
1.939708366666627853e+03
1.939791699999961111e+03
1.939875033333294368e+03
1.939958366666627626e+03
1.940041699999960883e+03
1.940125033333294141e+03
1.940208366666627398e+03
1.940291699999960656e+03
1.940375033333293914e+03
1.940458366666627171e+03
1.940541699999960429e+03
1.940625033333293686e+03
1.940708366666626944e+03
1.940791699999960201e+03
1.940875033333293459e+03
1.940958366666626716e+03
1.941041699999959974e+03
1.941125033333293231e+03
1.941208366666626489e+03
1.941291699999959746e+03
1.941375033333293004e+03
1.941458366666626262e+03
1.941541699999959519e+03
1.941625033333292777e+03
1.941708366666626034e+03
1.941791699999959292e+03
1.941875033333292549e+03
1.941958366666625807e+03
1.942041699999959064e+03
1.942125033333292322e+03
1.942208366666625579e+03
1.942291699999958837e+03
1.942375033333292095e+03
1.942458366666625352e+03
1.942541699999958610e+03
1.942625033333291867e+03
1.942708366666625125e+03
1.942791699999958382e+03
1.942875033333291640e+03
1.942958366666624897e+03
1.943041699999958155e+03
1.943125033333291412e+03
1.943208366666624670e+03
1.943291699999957928e+03
1.943375033333291185e+03
1.943458366666624443e+03
1.943541699999957700e+03
1.943625033333290958e+03
1.943708366666624215e+03
1.943791699999957473e+03
1.943875033333290730e+03
1.943958366666623988e+03
1.944041699999957245e+03
1.944125033333290503e+03
1.944208366666623760e+03
1.944291699999957018e+03
1.944375033333290276e+03
1.944458366666623533e+03
1.944541699999956791e+03
1.944625033333290048e+03
1.944708366666623306e+03
1.944791699999956563e+03
1.944875033333289821e+03
1.944958366666623078e+03
1.945041699999956336e+03
1.945125033333289593e+03
1.945208366666622851e+03
1.945291699999956109e+03
1.945375033333289366e+03
1.945458366666622624e+03
1.945541699999955881e+03
1.945625033333289139e+03
1.945708366666622396e+03
1.945791699999955654e+03
1.945875033333288911e+03
1.945958366666622169e+03
1.946041699999955426e+03
1.946125033333288684e+03
1.946208366666621941e+03
1.946291699999955199e+03
1.946375033333288457e+03
1.946458366666621714e+03
1.946541699999954972e+03
1.946625033333288229e+03
1.946708366666621487e+03
1.946791699999954744e+03
1.946875033333288002e+03
1.946958366666621259e+03
1.947041699999954517e+03
1.947125033333287774e+03
1.947208366666621032e+03
1.947291699999954290e+03
1.947375033333287547e+03
1.947458366666620805e+03
1.947541699999954062e+03
1.947625033333287320e+03
1.947708366666620577e+03
1.947791699999953835e+03
1.947875033333287092e+03
1.947958366666620350e+03
1.948041699999953607e+03
1.948125033333286865e+03
1.948208366666620122e+03
1.948291699999953380e+03
1.948375033333286638e+03
1.948458366666619895e+03
1.948541699999953153e+03
1.948625033333286410e+03
1.948708366666619668e+03
1.948791699999952925e+03
1.948875033333286183e+03
1.948958366666619440e+03
1.949041699999952698e+03
1.949125033333285955e+03
1.949208366666619213e+03
1.949291699999952471e+03
1.949375033333285728e+03
1.949458366666618986e+03
1.949541699999952243e+03
1.949625033333285501e+03
1.949708366666618758e+03
1.949791699999952016e+03
1.949875033333285273e+03
1.949958366666618531e+03
1.950041699999951788e+03
1.950125033333285046e+03
1.950208366666618303e+03
1.950291699999951561e+03
1.950375033333284819e+03
1.950458366666618076e+03
1.950541699999951334e+03
1.950625033333284591e+03
1.950708366666617849e+03
1.950791699999951106e+03
1.950875033333284364e+03
1.950958366666617621e+03
1.951041699999950879e+03
1.951125033333284136e+03
1.951208366666617394e+03
1.951291699999950652e+03
1.951375033333283909e+03
1.951458366666617167e+03
1.951541699999950424e+03
1.951625033333283682e+03
1.951708366666616939e+03
1.951791699999950197e+03
1.951875033333283454e+03
1.951958366666616712e+03
1.952041699999949969e+03
1.952125033333283227e+03
1.952208366666616485e+03
1.952291699999949742e+03
1.952375033333283000e+03
1.952458366666616257e+03
1.952541699999949515e+03
1.952625033333282772e+03
1.952708366666616030e+03
1.952791699999949287e+03
1.952875033333282545e+03
1.952958366666615802e+03
1.953041699999949060e+03
1.953125033333282317e+03
1.953208366666615575e+03
1.953291699999948833e+03
1.953375033333282090e+03
1.953458366666615348e+03
1.953541699999948605e+03
1.953625033333281863e+03
1.953708366666615120e+03
1.953791699999948378e+03
1.953875033333281635e+03
1.953958366666614893e+03
1.954041699999948150e+03
1.954125033333281408e+03
1.954208366666614666e+03
1.954291699999947923e+03
1.954375033333281181e+03
1.954458366666614438e+03
1.954541699999947696e+03
1.954625033333280953e+03
1.954708366666614211e+03
1.954791699999947468e+03
1.954875033333280726e+03
1.954958366666613983e+03
1.955041699999947241e+03
1.955125033333280498e+03
1.955208366666613756e+03
1.955291699999947014e+03
1.955375033333280271e+03
1.955458366666613529e+03
1.955541699999946786e+03
1.955625033333280044e+03
1.955708366666613301e+03
1.955791699999946559e+03
1.955875033333279816e+03
1.955958366666613074e+03
1.956041699999946331e+03
1.956125033333279589e+03
1.956208366666612847e+03
1.956291699999946104e+03
1.956375033333279362e+03
1.956458366666612619e+03
1.956541699999945877e+03
1.956625033333279134e+03
1.956708366666612392e+03
1.956791699999945649e+03
1.956875033333278907e+03
1.956958366666612164e+03
1.957041699999945422e+03
1.957125033333278679e+03
1.957208366666611937e+03
1.957291699999945195e+03
1.957375033333278452e+03
1.957458366666611710e+03
1.957541699999944967e+03
1.957625033333278225e+03
1.957708366666611482e+03
1.957791699999944740e+03
1.957875033333277997e+03
1.957958366666611255e+03
1.958041699999944512e+03
1.958125033333277770e+03
1.958208366666611028e+03
1.958291699999944285e+03
1.958375033333277543e+03
1.958458366666610800e+03
1.958541699999944058e+03
1.958625033333277315e+03
1.958708366666610573e+03
1.958791699999943830e+03
1.958875033333277088e+03
1.958958366666610345e+03
1.959041699999943603e+03
1.959125033333276861e+03
1.959208366666610118e+03
1.959291699999943376e+03
1.959375033333276633e+03
1.959458366666609891e+03
1.959541699999943148e+03
1.959625033333276406e+03
1.959708366666609663e+03
1.959791699999942921e+03
1.959875033333276178e+03
1.959958366666609436e+03
1.960041699999942693e+03
1.960125033333275951e+03
1.960208366666609209e+03
1.960291699999942466e+03
1.960375033333275724e+03
1.960458366666608981e+03
1.960541699999942239e+03
1.960625033333275496e+03
1.960708366666608754e+03
1.960791699999942011e+03
1.960875033333275269e+03
1.960958366666608526e+03
1.961041699999941784e+03
1.961125033333275042e+03
1.961208366666608299e+03
1.961291699999941557e+03
1.961375033333274814e+03
1.961458366666608072e+03
1.961541699999941329e+03
1.961625033333274587e+03
1.961708366666607844e+03
1.961791699999941102e+03
1.961875033333274359e+03
1.961958366666607617e+03
1.962041699999940874e+03
1.962125033333274132e+03
1.962208366666607390e+03
1.962291699999940647e+03
1.962375033333273905e+03
1.962458366666607162e+03
1.962541699999940420e+03
1.962625033333273677e+03
1.962708366666606935e+03
1.962791699999940192e+03
1.962875033333273450e+03
1.962958366666606707e+03
1.963041699999939965e+03
1.963125033333273223e+03
1.963208366666606480e+03
1.963291699999939738e+03
1.963375033333272995e+03
1.963458366666606253e+03
1.963541699999939510e+03
1.963625033333272768e+03
1.963708366666606025e+03
1.963791699999939283e+03
1.963875033333272540e+03
1.963958366666605798e+03
1.964041699999939055e+03
1.964125033333272313e+03
1.964208366666605571e+03
1.964291699999938828e+03
1.964375033333272086e+03
1.964458366666605343e+03
1.964541699999938601e+03
1.964625033333271858e+03
1.964708366666605116e+03
1.964791699999938373e+03
1.964875033333271631e+03
1.964958366666604888e+03
1.965041699999938146e+03
1.965125033333271404e+03
1.965208366666604661e+03
1.965291699999937919e+03
1.965375033333271176e+03
1.965458366666604434e+03
1.965541699999937691e+03
1.965625033333270949e+03
1.965708366666604206e+03
1.965791699999937464e+03
1.965875033333270721e+03
1.965958366666603979e+03
1.966041699999937236e+03
1.966125033333270494e+03
1.966208366666603752e+03
1.966291699999937009e+03
1.966375033333270267e+03
1.966458366666603524e+03
1.966541699999936782e+03
1.966625033333270039e+03
1.966708366666603297e+03
1.966791699999936554e+03
1.966875033333269812e+03
1.966958366666603069e+03
1.967041699999936327e+03
1.967125033333269585e+03
1.967208366666602842e+03
1.967291699999936100e+03
1.967375033333269357e+03
1.967458366666602615e+03
1.967541699999935872e+03
1.967625033333269130e+03
1.967708366666602387e+03
1.967791699999935645e+03
1.967875033333268902e+03
1.967958366666602160e+03
1.968041699999935418e+03
1.968125033333268675e+03
1.968208366666601933e+03
1.968291699999935190e+03
1.968375033333268448e+03
1.968458366666601705e+03
1.968541699999934963e+03
1.968625033333268220e+03
1.968708366666601478e+03
1.968791699999934735e+03
1.968875033333267993e+03
1.968958366666601250e+03
1.969041699999934508e+03
1.969125033333267766e+03
1.969208366666601023e+03
1.969291699999934281e+03
1.969375033333267538e+03
1.969458366666600796e+03
1.969541699999934053e+03
1.969625033333267311e+03
1.969708366666600568e+03
1.969791699999933826e+03
1.969875033333267083e+03
1.969958366666600341e+03
1.970041699999933599e+03
1.970125033333266856e+03
1.970208366666600114e+03
1.970291699999933371e+03
1.970375033333266629e+03
1.970458366666599886e+03
1.970541699999933144e+03
1.970625033333266401e+03
1.970708366666599659e+03
1.970791699999932916e+03
1.970875033333266174e+03
1.970958366666599431e+03
1.971041699999932689e+03
1.971125033333265947e+03
1.971208366666599204e+03
1.971291699999932462e+03
1.971375033333265719e+03
1.971458366666598977e+03
1.971541699999932234e+03
1.971625033333265492e+03
1.971708366666598749e+03
1.971791699999932007e+03
1.971875033333265264e+03
1.971958366666598522e+03
1.972041699999931780e+03
1.972125033333265037e+03
1.972208366666598295e+03
1.972291699999931552e+03
1.972375033333264810e+03
1.972458366666598067e+03
1.972541699999931325e+03
1.972625033333264582e+03
1.972708366666597840e+03
1.972791699999931097e+03
1.972875033333264355e+03
1.972958366666597612e+03
1.973041699999930870e+03
1.973125033333264128e+03
1.973208366666597385e+03
1.973291699999930643e+03
1.973375033333263900e+03
1.973458366666597158e+03
1.973541699999930415e+03
1.973625033333263673e+03
1.973708366666596930e+03
1.973791699999930188e+03
1.973875033333263445e+03
1.973958366666596703e+03
1.974041699999929961e+03
1.974125033333263218e+03
1.974208366666596476e+03
1.974291699999929733e+03
1.974375033333262991e+03
1.974458366666596248e+03
1.974541699999929506e+03
1.974625033333262763e+03
1.974708366666596021e+03
1.974791699999929278e+03
1.974875033333262536e+03
1.974958366666595794e+03
1.975041699999929051e+03
1.975125033333262309e+03
1.975208366666595566e+03
1.975291699999928824e+03
1.975375033333262081e+03
1.975458366666595339e+03
1.975541699999928596e+03
1.975625033333261854e+03
1.975708366666595111e+03
1.975791699999928369e+03
1.975875033333261626e+03
1.975958366666594884e+03
1.976041699999928142e+03
1.976125033333261399e+03
1.976208366666594657e+03
1.976291699999927914e+03
1.976375033333261172e+03
1.976458366666594429e+03
1.976541699999927687e+03
1.976625033333260944e+03
1.976708366666594202e+03
1.976791699999927459e+03
1.976875033333260717e+03
1.976958366666593975e+03
1.977041699999927232e+03
1.977125033333260490e+03
1.977208366666593747e+03
1.977291699999927005e+03
1.977375033333260262e+03
1.977458366666593520e+03
1.977541699999926777e+03
1.977625033333260035e+03
1.977708366666593292e+03
1.977791699999926550e+03
1.977875033333259807e+03
1.977958366666593065e+03
1.978041699999926323e+03
1.978125033333259580e+03
1.978208366666592838e+03
1.978291699999926095e+03
1.978375033333259353e+03
1.978458366666592610e+03
1.978541699999925868e+03
1.978625033333259125e+03
1.978708366666592383e+03
1.978791699999925640e+03
1.978875033333258898e+03
1.978958366666592156e+03
1.979041699999925413e+03
1.979125033333258671e+03
1.979208366666591928e+03
1.979291699999925186e+03
1.979375033333258443e+03
1.979458366666591701e+03
1.979541699999924958e+03
1.979625033333258216e+03
1.979708366666591473e+03
1.979791699999924731e+03
1.979875033333257988e+03
1.979958366666591246e+03
1.980041699999924504e+03
1.980125033333257761e+03
1.980208366666591019e+03
1.980291699999924276e+03
1.980375033333257534e+03
1.980458366666590791e+03
1.980541699999924049e+03
1.980625033333257306e+03
1.980708366666590564e+03
1.980791699999923821e+03
1.980875033333257079e+03
1.980958366666590337e+03
1.981041699999923594e+03
1.981125033333256852e+03
1.981208366666590109e+03
1.981291699999923367e+03
1.981375033333256624e+03
1.981458366666589882e+03
1.981541699999923139e+03
1.981625033333256397e+03
1.981708366666589654e+03
1.981791699999922912e+03
1.981875033333256169e+03
1.981958366666589427e+03
1.982041699999922685e+03
1.982125033333255942e+03
1.982208366666589200e+03
1.982291699999922457e+03
1.982375033333255715e+03
1.982458366666588972e+03
1.982541699999922230e+03
1.982625033333255487e+03
1.982708366666588745e+03
1.982791699999922002e+03
1.982875033333255260e+03
1.982958366666588518e+03
1.983041699999921775e+03
1.983125033333255033e+03
1.983208366666588290e+03
1.983291699999921548e+03
1.983375033333254805e+03
1.983458366666588063e+03
1.983541699999921320e+03
1.983625033333254578e+03
1.983708366666587835e+03
1.983791699999921093e+03
1.983875033333254351e+03
1.983958366666587608e+03
1.984041699999920866e+03
1.984125033333254123e+03
1.984208366666587381e+03
1.984291699999920638e+03
1.984375033333253896e+03
1.984458366666587153e+03
1.984541699999920411e+03
1.984625033333253668e+03
1.984708366666586926e+03
1.984791699999920183e+03
1.984875033333253441e+03
1.984958366666586699e+03
1.985041699999919956e+03
1.985125033333253214e+03
1.985208366666586471e+03
1.985291699999919729e+03
1.985375033333252986e+03
1.985458366666586244e+03
1.985541699999919501e+03
1.985625033333252759e+03
1.985708366666586016e+03
1.985791699999919274e+03
1.985875033333252532e+03
1.985958366666585789e+03
1.986041699999919047e+03
1.986125033333252304e+03
1.986208366666585562e+03
1.986291699999918819e+03
1.986375033333252077e+03
1.986458366666585334e+03
1.986541699999918592e+03
1.986625033333251849e+03
1.986708366666585107e+03
1.986791699999918364e+03
1.986875033333251622e+03
1.986958366666584880e+03
1.987041699999918137e+03
1.987125033333251395e+03
1.987208366666584652e+03
1.987291699999917910e+03
1.987375033333251167e+03
1.987458366666584425e+03
1.987541699999917682e+03
1.987625033333250940e+03
1.987708366666584197e+03
1.987791699999917455e+03
1.987875033333250713e+03
1.987958366666583970e+03
1.988041699999917228e+03
1.988125033333250485e+03
1.988208366666583743e+03
1.988291699999917000e+03
1.988375033333250258e+03
1.988458366666583515e+03
1.988541699999916773e+03
1.988625033333250030e+03
1.988708366666583288e+03
1.988791699999916545e+03
1.988875033333249803e+03
1.988958366666583061e+03
1.989041699999916318e+03
1.989125033333249576e+03
1.989208366666582833e+03
1.989291699999916091e+03
1.989375033333249348e+03
1.989458366666582606e+03
1.989541699999915863e+03
1.989625033333249121e+03
1.989708366666582378e+03
1.989791699999915636e+03
1.989875033333248894e+03
1.989958366666582151e+03
1.990041699999915409e+03
1.990125033333248666e+03
1.990208366666581924e+03
1.990291699999915181e+03
1.990375033333248439e+03
1.990458366666581696e+03
1.990541699999914954e+03
1.990625033333248211e+03
1.990708366666581469e+03
1.990791699999914727e+03
1.990875033333247984e+03
1.990958366666581242e+03
1.991041699999914499e+03
1.991125033333247757e+03
1.991208366666581014e+03
1.991291699999914272e+03
1.991375033333247529e+03
1.991458366666580787e+03
1.991541699999914044e+03
1.991625033333247302e+03
1.991708366666580559e+03
1.991791699999913817e+03
1.991875033333247075e+03
1.991958366666580332e+03
1.992041699999913590e+03
1.992125033333246847e+03
1.992208366666580105e+03
1.992291699999913362e+03
1.992375033333246620e+03
1.992458366666579877e+03
1.992541699999913135e+03
1.992625033333246392e+03
1.992708366666579650e+03
1.992791699999912908e+03
1.992875033333246165e+03
1.992958366666579423e+03
1.993041699999912680e+03
1.993125033333245938e+03
1.993208366666579195e+03
1.993291699999912453e+03
1.993375033333245710e+03
1.993458366666578968e+03
1.993541699999912225e+03
1.993625033333245483e+03
1.993708366666578740e+03
1.993791699999911998e+03
1.993875033333245256e+03
1.993958366666578513e+03
1.994041699999911771e+03
1.994125033333245028e+03
1.994208366666578286e+03
1.994291699999911543e+03
1.994375033333244801e+03
1.994458366666578058e+03
1.994541699999911316e+03
1.994625033333244573e+03
1.994708366666577831e+03
1.994791699999911089e+03
1.994875033333244346e+03
1.994958366666577604e+03
1.995041699999910861e+03
1.995125033333244119e+03
1.995208366666577376e+03
1.995291699999910634e+03
1.995375033333243891e+03
1.995458366666577149e+03
1.995541699999910406e+03
1.995625033333243664e+03
1.995708366666576921e+03
1.995791699999910179e+03
1.995875033333243437e+03
1.995958366666576694e+03
1.996041699999909952e+03
1.996125033333243209e+03
1.996208366666576467e+03
1.996291699999909724e+03
1.996375033333242982e+03
1.996458366666576239e+03
1.996541699999909497e+03
1.996625033333242754e+03
1.996708366666576012e+03
1.996791699999909270e+03
1.996875033333242527e+03
1.996958366666575785e+03
1.997041699999909042e+03
1.997125033333242300e+03
1.997208366666575557e+03
1.997291699999908815e+03
1.997375033333242072e+03
1.997458366666575330e+03
1.997541699999908587e+03
1.997625033333241845e+03
1.997708366666575102e+03
1.997791699999908360e+03
1.997875033333241618e+03
1.997958366666574875e+03
1.998041699999908133e+03
1.998125033333241390e+03
1.998208366666574648e+03
1.998291699999907905e+03
1.998375033333241163e+03
1.998458366666574420e+03
1.998541699999907678e+03
1.998625033333240935e+03
1.998708366666574193e+03
1.998791699999907451e+03
1.998875033333240708e+03
1.998958366666573966e+03
1.999041699999907223e+03
1.999125033333240481e+03
1.999208366666573738e+03
1.999291699999906996e+03
1.999375033333240253e+03
1.999458366666573511e+03
1.999541699999906768e+03
1.999625033333240026e+03
1.999708366666573284e+03
1.999791699999906541e+03
1.999875033333239799e+03
1.999958366666573056e+03
2.000041699999906314e+03
2.000125033333239571e+03
2.000208366666572829e+03
2.000291699999906086e+03
2.000375033333239344e+03
2.000458366666572601e+03
2.000541699999905859e+03
2.000625033333239116e+03
2.000708366666572374e+03
2.000791699999905632e+03
2.000875033333238889e+03
2.000958366666572147e+03
2.001041699999905404e+03
2.001125033333238662e+03
2.001208366666571919e+03
2.001291699999905177e+03
2.001375033333238434e+03
2.001458366666571692e+03
2.001541699999904949e+03
2.001625033333238207e+03
2.001708366666571465e+03
2.001791699999904722e+03
2.001875033333237980e+03
2.001958366666571237e+03
2.002041699999904495e+03
2.002125033333237752e+03
2.002208366666571010e+03
2.002291699999904267e+03
2.002375033333237525e+03
2.002458366666570782e+03
2.002541699999904040e+03
2.002625033333237297e+03
2.002708366666570555e+03
2.002791699999903813e+03
2.002875033333237070e+03
2.002958366666570328e+03
2.003041699999903585e+03
2.003125033333236843e+03
2.003208366666570100e+03
2.003291699999903358e+03
2.003375033333236615e+03
2.003458366666569873e+03
2.003541699999903130e+03
2.003625033333236388e+03
2.003708366666569646e+03
2.003791699999902903e+03
2.003875033333236161e+03
2.003958366666569418e+03
2.004041699999902676e+03
2.004125033333235933e+03
2.004208366666569191e+03
2.004291699999902448e+03
2.004375033333235706e+03
2.004458366666568963e+03
2.004541699999902221e+03
2.004625033333235478e+03
2.004708366666568736e+03
2.004791699999901994e+03
2.004875033333235251e+03
2.004958366666568509e+03
2.005041699999901766e+03
2.005125033333235024e+03
2.005208366666568281e+03
2.005291699999901539e+03
2.005375033333234796e+03
2.005458366666568054e+03
2.005541699999901311e+03
2.005625033333234569e+03
2.005708366666567827e+03
2.005791699999901084e+03
2.005875033333234342e+03
2.005958366666567599e+03
2.006041699999900857e+03
2.006125033333234114e+03
2.006208366666567372e+03
2.006291699999900629e+03
2.006375033333233887e+03
2.006458366666567144e+03
2.006541699999900402e+03
2.006625033333233660e+03
2.006708366666566917e+03
2.006791699999900175e+03
2.006875033333233432e+03
2.006958366666566690e+03
2.007041699999899947e+03
2.007125033333233205e+03
2.007208366666566462e+03
2.007291699999899720e+03
2.007375033333232977e+03
2.007458366666566235e+03
2.007541699999899492e+03
2.007625033333232750e+03
2.007708366666566008e+03
2.007791699999899265e+03
2.007875033333232523e+03
2.007958366666565780e+03
2.008041699999899038e+03
2.008125033333232295e+03
2.008208366666565553e+03
2.008291699999898810e+03
2.008375033333232068e+03
2.008458366666565325e+03
2.008541699999898583e+03
2.008625033333231841e+03
2.008708366666565098e+03
2.008791699999898356e+03
2.008875033333231613e+03
2.008958366666564871e+03
2.009041699999898128e+03
2.009125033333231386e+03
2.009208366666564643e+03
2.009291699999897901e+03
2.009375033333231158e+03
2.009458366666564416e+03
2.009541699999897673e+03
2.009625033333230931e+03
2.009708366666564189e+03
2.009791699999897446e+03
2.009875033333230704e+03
2.009958366666563961e+03
2.010041699999897219e+03
2.010125033333230476e+03
2.010208366666563734e+03
2.010291699999896991e+03
2.010375033333230249e+03
2.010458366666563506e+03
2.010541699999896764e+03
2.010625033333230022e+03
2.010708366666563279e+03
2.010791699999896537e+03
2.010875033333229794e+03
2.010958366666563052e+03
2.011041699999896309e+03
2.011125033333229567e+03
2.011208366666562824e+03
2.011291699999896082e+03
2.011375033333229339e+03
2.011458366666562597e+03
2.011541699999895854e+03
2.011625033333229112e+03
2.011708366666562370e+03
2.011791699999895627e+03
2.011875033333228885e+03
2.011958366666562142e+03
2.012041699999895400e+03
2.012125033333228657e+03
2.012208366666561915e+03
2.012291699999895172e+03
2.012375033333228430e+03
2.012458366666561687e+03
2.012541699999894945e+03
2.012625033333228203e+03
2.012708366666561460e+03
2.012791699999894718e+03
2.012875033333227975e+03
2.012958366666561233e+03
2.013041699999894490e+03
2.013125033333227748e+03
2.013208366666561005e+03
2.013291699999894263e+03
2.013375033333227520e+03
2.013458366666560778e+03
2.013541699999894035e+03
2.013625033333227293e+03
2.013708366666560551e+03
2.013791699999893808e+03
2.013875033333227066e+03
2.013958366666560323e+03
2.014041699999893581e+03
2.014125033333226838e+03
2.014208366666560096e+03
2.014291699999893353e+03
2.014375033333226611e+03
2.014458366666559868e+03
2.014541699999893126e+03
2.014625033333226384e+03
2.014708366666559641e+03
2.014791699999892899e+03
2.014875033333226156e+03
2.014958366666559414e+03
2.015041699999892671e+03
2.015125033333225929e+03
2.015208366666559186e+03
2.015291699999892444e+03
2.015375033333225701e+03
2.015458366666558959e+03
2.015541699999892217e+03
2.015625033333225474e+03
2.015708366666558732e+03
2.015791699999891989e+03
2.015875033333225247e+03
2.015958366666558504e+03
2.016041699999891762e+03
2.016125033333225019e+03
2.016208366666558277e+03
2.016291699999891534e+03
2.016375033333224792e+03
2.016458366666558049e+03
2.016541699999891307e+03
2.016625033333224565e+03
2.016708366666557822e+03
2.016791699999891080e+03
2.016875033333224337e+03
2.016958366666557595e+03
2.017041699999890852e+03
2.017125033333224110e+03
2.017208366666557367e+03
2.017291699999890625e+03
2.017375033333223882e+03
2.017458366666557140e+03
2.017541699999890398e+03
2.017625033333223655e+03
2.017708366666556913e+03
2.017791699999890170e+03
2.017875033333223428e+03
2.017958366666556685e+03
2.018041699999889943e+03
2.018125033333223200e+03
2.018208366666556458e+03
2.018291699999889715e+03
2.018375033333222973e+03
2.018458366666556230e+03
2.018541699999889488e+03
2.018625033333222746e+03
2.018708366666556003e+03
2.018791699999889261e+03
2.018875033333222518e+03
2.018958366666555776e+03
2.019041699999889033e+03
2.019125033333222291e+03
2.019208366666555548e+03
2.019291699999888806e+03
2.019375033333222063e+03
2.019458366666555321e+03
2.019541699999888579e+03
2.019625033333221836e+03
2.019708366666555094e+03
2.019791699999888351e+03
2.019875033333221609e+03
2.019958366666554866e+03
2.020041699999888124e+03
2.020125033333221381e+03
2.020208366666554639e+03
2.020291699999887896e+03
2.020375033333221154e+03
2.020458366666554411e+03
2.020541699999887669e+03
2.020625033333220927e+03
2.020708366666554184e+03
2.020791699999887442e+03
2.020875033333220699e+03
2.020958366666553957e+03
2.021041699999887214e+03
2.021125033333220472e+03
2.021208366666553729e+03
2.021291699999886987e+03
2.021375033333220244e+03
2.021458366666553502e+03
2.021541699999886760e+03
2.021625033333220017e+03
2.021708366666553275e+03
2.021791699999886532e+03
2.021875033333219790e+03
2.021958366666553047e+03
2.022041699999886305e+03
2.022125033333219562e+03
2.022208366666552820e+03
2.022291699999886077e+03
2.022375033333219335e+03
2.022458366666552593e+03
2.022541699999885850e+03
2.022625033333219108e+03
2.022708366666552365e+03
2.022791699999885623e+03
2.022875033333218880e+03
